(1,-2,-3,7,-9)(-8,-4,-5,-6,10)
proper:0.1,1.1,0
(1,-2,-5,-6,10)(-8,-4,-3,7,-9)
proper:0.1,1.3,0
(1,-2,10)(-8,-4,-5,-6,-3,7,-9)
proper:0.1,1.0,0
(1,-2,-4,-5,-6,10)(-8,-3,7,-9)
proper:0.1,1.2,0
(1,-2,-6,10)(-8,-4,-5,-3,7,-9)


proper:0.3,1.1,1
(1,-2,-3,7,4,8)(9,-5,-6,10)
proper:0.0,1.2,1
(1,5,4,8)(9,-7,3,2,-6,10)
proper:0.0,1.1,1
(1,4,8)(9,-7,3,2,-5,-6,10)
proper:0.2,1.2,1
(1,-2,-3,5,4,8)(9,-7,-6,10)
proper:0.2,1.3,1
(1,-2,-3,6,5,4,8)(9,-7,10)
proper:0.0,1.3,1
(1,6,5,4,8)(9,-7,3,2,10)
proper:0.3,1.0,1
(1,-2,-3,7,8)(9,-4,-5,-6,10)
proper:0.3,1.2,1
(1,-2,-3,7,5,4,8)(9,-6,10)
proper:0.2,1.0,1
(1,-2,-3,8)(9,-7,-4,-5,-6,10)
proper:0.0,1.0,1
(1,8)(9,-7,3,2,-4,-5,-6,10)
7;14
