(1,-2,3,8,-9,10,-11,12)(5,-6,7,4)
(1,-2,3,8,-9,10,-11,12)(5,-6,7,4)
0.2,1.2,0
(1,-2,3,8,-9,10,-11,12)(5,-6,7,4)
0.3,1.0,0
(1,-2,3,8,-9,10,-11,12)(5,-6,7,4)
0.3,1.0,1
(1,-2,3,8,-9,10,-11,12)(5,-6,7,4)
0.3,1.1,0
(1,-2,3,8,-9,10,-11,12)(5,-6,7,4)
0.3,1.1,1
(1,-2,3,8,-9,10,-11,12)(5,-6,7,4)
0.4,1.0,0
(1,-2,3,8,-9,10,-11,12)(5,-6,7,4)
0.4,1.0,1
(1,-2,3,8,-9,10,-11,12)(5,-6,7,4)
0.4,1.1,0
(1,-2,3,8,-9,10,-11,12)(5,-6,7,4)
0.4,1.1,1
(1,-2,3,8,-9,10,-11,12)(5,-6,7,4)
0.5,1.0,0
(1,-2,3,8,-9,10,-11,12)(5,-6,7,4)
0.5,1.0,1
(1,-2,3,8,-9,10,-11,12)(5,-6,7,4)
0.5,1.1,0
(1,-2,3,8,-9,10,-11,12)(5,-6,7,4)
0.5,1.1,1
(1,-2,3,8,-9,10,-11,12)(5,-6,7,4)
0.6,1.0,0
(1,-2,3,8,-9,10,-11,12)(5,-6,7,4)
0.6,1.0,1
(1,-2,3,8,-9,10,-11,12)(5,-6,7,4)
0.6,1.1,0
(1,-2,3,8,-9,10,-11,12)(5,-6,7,4)
0.6,1.1,1
(1,-2,3,8,-9,10,-11,12)(5,-6,7,4)
9;17
