(1,3,2,4,8,6)(7,9,13,-10,5,15,-14,11)(12,16)(17,18)(19,20)(21,22)(23,24)(25,26)(27,28)(29,30)
10;170
0.0344354s
===============================
(2,1,3,5)(6,8,-7,4,10,-9)()()()()()()()()
10;47
11.5905s
===============================
(2,1,3,5)(6,8,-7,4,10,-9)()()()()()()()()
10;47
9.1667s
===============================
(2,1,3,5)(6,8,-7,4,10,-9)()()()()()()()()
10;47
0.00718443s
===============================
(1,2,3,4,5,6,22,23,24,-14,52,-74,-73,-72,-71)(-30,-7,39,45,46,47,48,60)(21,78,79,80)(-10,-43,-29,-28,-27,-26,-25,15,16,17,-58,-57,40)(61,9,44,-34,-33,-32,-31)(51,-13,54,55,56,-18,59,75,76,77,49,50)(41,42,8,62,63,64,65,66,67,68,69,70)(11,12,-53,-38,88,89,90)(81,82,83,84,85,86,87,-37,-36,-35,19,20)(91,92,93,94,95,96,97,98,99,100)
20;45
1.54005s
===============================
(1,-7,-6,-5,-82,-81)(-50,53,54,-73,-72,-71)(21,-8,89,90)(31,32,33,34,35,-4,-76,-75,-74,55,56,57,58,59,60)(-10,-9,22,23,24,25,26,-14,-13,-12,87,88,65,66,43,44,45,-37,-36,83,69,70)(51,52,-49,-48,28,29,30)(-80,-79,-78,-77,-46,-18,-17,-16,-15,27,-47,-3,-2,19,20)(11,-86,-85,-84,-68,-67,39,40)(61,62,63,64,38,-42,-41)(91,92,93,94,95,96,97,98,99,100)
19;34
1.79557s
===============================
(1,2,3,-66,-65,76,77,58,59,60)(11,53,23,24,-43,67,68,69,70)(21,22,89,90)(31,-86,-6,-46,-45,-44,-63,39,40)(-20,-19,-18,-17,-16,47,48,49,50)(61,62,-38,-37,-73,-72,-71)(-10,-9,-8,-27,-26,-25,64,-75,-74,-36,-35,-34,-33,52,12,13,14,15,-5,-4,-42,-41)(81,82,83,84,85,7,78,79,80)(51,-32,-29,87,88,54,55,56,57,28,30)(91,92,93,94,95,96,97,98,99,100)
20;27
1.75858s
===============================
(1,83,-91)(11,12,13,14,24,25,26,27,-67,-81)(21,22,23,15,86,87,88,89,90)(31,32,33,37,9,10)(-80,-79,-38,-8,-56,-71)(41,42,43,44,-6,-5,-4,-3,-2,-49,-48,-47,-46,-45,7,57,58,-55,-54,-53,-52,-51)(61,62,63,-68,28,29,30)(-60,-59,72,82,35,65,-36,73,74,75,76,77,78,39,40)(-50,-34,66,-64,69,70)(-20,-19,-18,-17,-16,-85,-84,92,93,94,95,96,97,98,99,100)
20;27
1.82498s
===============================
(1,-89,-52,-51)(11,12,42,43,44,45,68,-74,-73,-72,-71)(-70,-69,-4,-3,22,-48,-47,-46,-67,-66,-78,2,-21)(-90,-77,-76,-75,-36,-35,87,65,79,80)(41,13,56,19,20)(61,62,63,64,88,53,-33,-32,-31)(-40,-39,-38,-37,5,6,-58,-57,-18,-17,-16,29,30)(81,82,83,84,85,86,26,27,28,-15,-14,-55,-54,34,-25,-24,-23,8,9,10)(-60,-59,7,49,50)(91,92,93,94,95,96,97,98,99,100)
20;24
1.8156s
===============================
(1,2,3,75,76,77,78,48,-35,-34,-33,-32,-31)(11,44,45,87,88,8,9,10)(21,22,23,24,25,26,62,-36,-12,-43,17,18,19,20)(-80,-79,-47,-46,39,40)(61,27,-14,-13,49,74,86,-38,-37,90)(51,52,53,54,55,56,57,58,29,30)(41,42,-16,85,28,68,69,70)(71,72,73,50)(81,82,83,84,-89,-7,-6,-5,-4,15,63,64,65,66,67,59,60)(91,92,93,94,95,96,97,98,99,100)
20;33
1.47972s
===============================
(1,2,86,87,-53,-28,-27,-26,-25,-24,-23,-22,-21)(-40,-39,-41)(11,12,13,14,15,16,17,-88,5,62,59,60)(31,32,33,34,35,36,79,80)(-70,-69,-68,3,37,38,42,43,44,45,46,47,7,8,9,10)(51,-85,-84,-75,-74,-73,52,29,30)(61,-78,-76,-83,-82,-81)(-50,-49,-48,-6,4,54,55,56,57,58,63,64,18,19,20)(71,92,93,94,95,96,97,98,99,100)(91,72,77,-67,-66,-65,89,90)
20;41
1.43495s
===============================
(1,82,83,84,85,86,87,77,78,-5,-4,33,34,35,36,37,46,47,48,89,90)(11,12,13,14,15,38,-26,-25,-32,-31)(-10,-75,-74,-73,-55,-54,-45,-81)(-40,-39,-64,-63,-62,-61)(41,42,43,44,2,3,-24,-23,27,28,29,30)(-60,-59,-58,-57,-56,-72,-71)(21,22,65,8,9,-6,79,80)(51,52,-76,7,66,67,68,69,70)(-20,-19,-18,-17,-16,-53,88,-98,99,100)(-50,-49,-97,-96,-95,-94,-93,-92,-91)
20;31
1.72716s
===============================
(1,-13,-12,-11)(-10,-9,-8,-35,-34,-46,-45,-55,-54,83,84,47,48,49,50)(21,22,33,-19,-18,36,-71)(-40,-39,26,27,28,29,30)(41,42,43,44,56,57,58,59,60)(51,74,-24,64,65,66,67,68,69,70)(-80,-79,-25,75,76,77,78,16,17,-7,-6,-5,88,89,90)(-20,85,86,87,-4,52,53,-82,-81)(31,32,23,-63,-38,-37,72,-14,2,3,-73,15,-62,-61)(91,92,93,94,95,96,97,98,99,100)
20;27
1.67768s
===============================
(1,33,34,-25,-67,-66,-65,-64,-11)(61,62,63,9,10)(-90,47,48,49,50)(71,72,27,36,29,30)(-40,-46,-45,-44,37,-23,-22,-21)(-80,-79,42,43,-28,-35,-15,73,74,75,76,77,-2,-32,-31)(41,-78,3,4,5,6,83,84,85,86,87,88,89,38,39,53,54,55,56,57,58,59,60)(-20,-19,-52,-51)(81,82,7,8,12,13,14,-26,16,17,18,24,68,69,70)(91,92,93,94,95,96,97,98,99,100)
20;37
1.84908s
===============================
(1,2,3,73,-35,-34,-48,19,20)(11,12,13,14,15,16,17,18,55,56,57,-23,-51)(61,62,63,77,78,79,80)(-30,-29,-28,-27,-41)(-40,-39,75,76,24,25,26,67,-93,-92,-91)(21,22,52,7,-88,-87,-86,-85,-84,-83,-82,-81)(-70,-69,45,46,47,-54,-53,-37,-36,74,-38,-8,89,90)(71,72,-33,-32,-31)(-10,68,-44,-43,-42,-66,-65,-64,58,59,60)(-50,-49,4,5,6,9,94,95,96,97,98,99,100)
20;30
1.58646s
===============================
(1,2,3,4,-7,-6,-5,83,84,85,19,20)(11,12,13,14,15,33,34,35,36,45,46,47,48,49,50)(21,22,-26,69,70)(-90,-53,-52,-51)(41,-54,-38,-32,76,77,-89,-23,27,86,-64,-82,-81)(-80,-79,-78,39,40)(61,62,59,60)(71,72,73,65,66,67,68,-25,-24,-88,-87,74,75,-31)(-10,-9,-8,-63,-58,-57,-56,-55,42,43,44,37,16,17,18,28,29,30)(91,92,93,94,95,96,97,98,99,100)
19;24
1.57836s
===============================
(1,2,44,26,-16,-15,-52,-51)(11,12,13,-18,-17,27,28,-66,-65,-64,-56,-55,-68,-67,29,30)(-20,-19,48,14,53,-4,-86,-85,-84,-83,-82,6,7,8,9,10)(31,32,33,34,35,36,37,89,90)(-50,-49,-57,-63,-39,-38,-47,-46,-45,-25,88,58,59,60)(81,-5,54,-43,-42,-41)(-40,-62,-61)(71,72,73,74,75,76,77,78,79,80)(-70,-69,3,87,99,100)(91,92,93,94,95,96,97,98,-24,-23,-22,-21)
20;34
1.79914s
===============================
(1,50)(11,12,-49,-48,-79,-78,-77,-76,-75,5,30)(-10,-9,-7,-6,-21)(31,-58,-57,-56,-55,-54,-65,-64,-23,-22,-29,-28,-27,-53,37,38,86,87,88,89,90)(51,52,-36,-35,-43,-42,-41)(-40,-39,44,45,46,3,24,25,26,66,67,68,69,70)(61,-83,-82,-81)(-20,-19,-2,13,14,15,16,17,18,8,47,80)(71,72,73,74,-4,-63,-62,84,85,-34,-33,-32,59,60)(91,92,93,94,95,96,97,98,99,100)
20;29
1.8236s
===============================
(1,-57,59,60)(11,12,13,14,15,16,17,18,2,3,4,5,6,7,8,22,23,24,25,36,37,38,39,40)(-20,-76,-75,-74,-73,-48,-47,87,77,-53,-52,-51)(41,-64,-66,-65,42,43,69,70)(-30,-29,-28,-27,-26,-35,-34,-63,-62,-61)(31,32,33,-21)(81,67,-78,54,55,56,-58,82,83,84,49,50)(71,72,85,86,-46,-19,9,10)(-80,-79,68,44,45,88,89,90)(91,92,93,94,95,96,97,98,99,100)
20;47
2.91193s
===============================
(1,2,3,4,5,6,7,-53,-55,-54,8,-28,-27,-26,-25,76,77,78,-43,84,85,86,87,88,89,90)(11,12,75,-24,14,-42,-41)(21,-61)(31,32,33,34,35,36,-58,15,16,-38,49,50)(-40,-39,56,-79,44,45,46,17,-48,30)(51,52,47,-29,9,10)(71,72,73,74,13,-23,-22,62,63,64,65,66,67,68,69,70)(-80,57,19,20)(-60,-59,37,18,-83,-82,-81)(91,92,93,94,95,96,97,98,99,100)
20;31
1.74004s
===============================
(1,2,3,4,5,6,-48,-57,-56,-55,78,79,80)(11,67,-26,-9,-8,-7,49,50)(-20,54,68,69,70)(31,-85,18,-47,-46,36,37,38,39,40)(41,34,35,-45,-83,-51)(71,72,73,74,75,76,77,-17,-16,-15,-14,-22,-21)(-90,-89,-88,-87,-86,32,-66,-65,-64,-63,-62,-61)(-60,-59,-58,19,-53,-52,-82,-81)(-10,-25,-24,-23,-13,-12,33,42,43,44,84,27,28,29,30)(91,92,93,94,95,96,97,98,99,100)
18;30
1.56896s
===============================
(1,2,3,4,5,6,-58,-57,-56,-55,-54,68,-74,-73,-72,29,30)(11,12,84,85,86,87,88,-76,-75,26,27,28,37,38,-77,89,90)(21,22,-71)(31,-59,-44,15,16,17,18,19,20)(-10,-9,-8,-7,45,46,47,52,53,-67,-66,-65,-64,-63,-62,78,39,40)(51,-25,-24,79,80)(81,82,48,49,50)(61,-23,-36,-35,-34,-33,-83,69,70)(-60,32,13,14,-43,-42,-41)(91,92,93,94,95,96,97,98,99,100)
20;39
1.81646s
===============================
(1,2,3,4,5,6,34,35,36,32,33,7,8,64,17,18,-41)(11,12,13,14,15,16,-73,56,57,58,59,60)(21,-28,-27,-26,-25,-24,-23,-22,-83,62,63,-85,48,49,50)(31,88,-72,-71)(-40,-39,-38,-37,-87,9,10)(51,52,53,54,-76,-75,-74,79,80)(81,82,-61)(-70,-69,-68,-19,42,43,44,45,46,47,-84,-78,-77,55,89,90)(-20,-67,-66,-65,86,29,30)(91,92,93,94,95,96,97,98,99,100)
20;60
1.78203s
===============================
(1,48,9,10)(11,82,-21)(-90,-89,-88,-87,-86,-85,-84,-83,-69,-61)(51,42,-5,-4,-3,-2,-47,-46,-45,-44,-43,33,34,35,36,37,38,-22,62,63,64,65,66,67,7,8,49,50)(41,73,12,13,14,30)(-20,-19,-18,-17,-16,-15,-29,-28,-27,-26,-25,-24,-23,52,53,54,55,56,57,58,59,60)(-70,39,40)(71,6,-32,-31)(-80,-79,-78,-77,-76,-75,-74,-68,72,-81)(91,92,93,94,95,96,97,98,99,100)
20;85
2.1058s
===============================
(1,47,48,38,-13,50)(-30,-29,-78,3,-39,-2,15,86,-62,-61)(-20,37,77,-26,-84,55,-21)(-60,-59,-58,-57,-56,22,23,24,25,17,-28,-46,-45,-44,-43,-27,-51)(-70,12,90)(11,-69,79,80)(-40,-14,52,-63,35,36,-82,-81)(41,42,-6,-5,-4,-32,-31)(71,72,83,33,34,87,-16,-85,8,67,68,18,19,49,-89,99,100)(91,92,93,94,95,96,97,98,-88,-7,-54,-53,-66,-65,-64,-76,-75,-74,-73,9,10)
40;138
2.11605s
===============================
(1,2,37,43,44,-25,10)(11,3,40)(21,22,23,24,-51)(-80,-79,-78,-77,94,36,-47,12,-73,-72,59,60)(-50,-49,-48,26,45,52,53,54,55,-96,34,-95,85,86,-61)(81,82,-39,-38,63,46,65,66,15,5,6,7,-71)(-30,-29,-28,-27,33,-75,58,8,9,64,83,-32,-31)(-70,-69,57,-74,-84,13,14,67,68,62,-42,-41)(-100,-99,-98,-97,56,35,4,16,17,18,19,20)(91,92,93,-76,87,88,89,90)
38;200
1.49199s
===============================
(1,2,5,6,7,8,-36,-35,-34,96,97,30)(11,-3,-21)(71,72,57,12,-4,79,80)(81,82,95,-33,-32,-25,-44,-86,-85,-84,-83,63,64,65,66,-62,-61)(-90,-89,-88,22,-94,-93,-92,-91)(-70,-69,-68,-59,-58,13,-76,19,-29,-28,52,53,-46,-45,37,38,39,40)(-60,-67,54,55,56,-43,23,24,50)(-10,-9,-49,-48,75,14,15,16,-77,-18,-42,-41)(51,-27,-74,-73,-47,-17,78,20)(31,26,87,98,99,100)
37;130
1.55673s
===============================
(1,46,-2,34,35,-15,-14,10)(11,12,13,52,83,84,85,65,66,-24,-51)(21,53,74,75,76,-37,-71)(31,-22,78,43,44,45,-82,-81)(-70,55,-62,-61)(-60,-28,-27,-26,-5,-79,19,20)(41,42,33,-77,80)(-50,-49,-48,-47,-36,-68,72,73,54,29,30)(-90,-89,-88,8,9,-23,32,-59,-58,-57,-56,4,-39,-38,16,17,18,-67,25,3,63,64,86,87,-7,-6,-69,40)(91,92,93,94,95,96,97,98,99,100)
37;148
1.62062s
===============================
(1,2,54,55,-27,-75,-83,-82,-81)(-80,-79,-78,-88,-87,22,23,24,86,-18,-13,-45,-56,-71)(11,44,57,-25,-37,-36,-35,-34,-17,8,9,-7,16,-43,-42,-29,-68,-67,-66,-65,-64,73,-32,-31)(-20,-19,-84,-74,38,-5,39,40)(41,-28,-6,-21)(-90,-89,69,70)(-30,-33,14,15,62,63,-85,10)(51,52,53,3,4,-59,-58,26,76,12,46,47,48,49,50)(-60,77,-72,-61)(91,92,93,94,95,96,97,98,99,100)
39;199
1.48206s
===============================
(1,2,63,-87,-86,-85,-13,-12,-11)(-90,7,47,25,26,18,19,32,33,34,35,36,37,45,46,8,9,10)(41,42,-24,77,78,79,80)(31,-15,-14,-17,-16,-55,-54,27,-21)(61,-6,-5,82,83,84,-28,48,53,29,30)(51,52,49,56,96,-44,-43,-23,50)(-70,-69,-68,-67,-66,-65,76,-22,-75,39,40)(-20,-62,-89,-88,38,-74,-73,-64,97,-81)(-60,-59,-58,-57,-95,4,98,99,100)(71,72,3,-94,-93,-92,-91)
35;173
1.26579s
===============================
(1,2,3,4,5,6,23,24,-71)(11,77,78,43,44,45,46,-41)(-20,-33,-38,-37,-36,-35,54,-98,-97,-96,-86,-67,-66,-65,-64,-63,-76,-75,-62,-61)(81,82,83,-47,42,-31)(51,-74,-73,-72,25,26,27,-59,-58,-57,-89,13,14,90)(21,22,-8,34,48,49,50)(-60,28,-18,-17,-16,15,29,30)(-40,-39,-12,32,-52,-94,-93,-92,-91)(-80,-79,88,-19,-56,-55,99,100)(-70,-69,-68,-85,-84,53,-7,95,87,9,10)
34;149
1.37042s
===============================
(1,-19,33,65,24,-17,78,4,5,6,-77,9,46,38,-42,25,26,27,28,29,30)(71,72,73,74,8,-76,48,3,79,80)(21,22,-57,35,36,37,69,70)(-20,87,10)(41,18,15,90)(-60,-59,-58,23,47,-45,32,39,40)(11,-2,-89,-88,56,-34,-64,49,50)(61,62,-67,-66,-55,-54,-53,63,-12,13,14,-75,68,7,-52,-51)(31,-44,-43,92,93,94,95,96,97,98,99,100)(91,-16,-86,-85,-84,-83,-82,-81)
39;192
1.08781s
===============================
(1,-37,30)(11,76,48,-38,69,70)(21,22,23,24,-78,-77,-47,-46,-5,58,59,-85,-12,-93,3,94,40)(31,45,84,-75,-74,-73,88,89,90)(-50,-28,-72,52,-18,-17,-16,-27,68,-36,-35,19,20)(91,92,-32,-87,-86,-39,-53,-34,-33,-2,-44,-43,-42,-41)(51,-49,-25,4,-57,67,-26,54,60)(81,6,7,8,9,10)(-80,-79,13,14,15,82,83,-29,-71)(61,62,63,64,65,66,-56,-55,95,96,97,98,99,100)
39;145
1.66765s
===============================
(1,-63,-62,-61)(-10,-66,-65,-64,-85,26,42,39,40)(-50,2,9,-49,-48,-41)(31,27,28,29,30)(-100,-7,17,18,19,98,8,-73,-51)(-70,44,25,3,4,82,-33,52,-32,99,-43,-72,-71)(21,-12,-69,59,60)(81,-45,-24,-23,-22,-37,-36,-35,-34,83,84,74,75,76,77,78,79,80)(11,53,-6,-5,46,47,16,58,-68,-67,54,-88,-87,-86,20)(91,92,93,94,95,96,97,38,-15,-14,-13,-57,-56,-55,89,90)
40;228
1.43152s
===============================
(1,-53,-84,-66,57,45,46,47,48,49,50)(11,-38,-89,7,86,-28,-27,-64,-63,-62,74,-6,77,78,-52,-51)(-30,75,43,44,9,10)(31,32,16,17,-58,-68,-67,-73,-72,-71)(21,22,23,24,25,26,-85,-83,-56,-55,69,70)(81,82,88,-29,87,-18,-8,-5,-13,-12,39,40)(-80,-79,-76,59,60)(61,14,4,-65,-54,19,20)(-90,-37,-36,-35,2,3,15,33,34,-42,-41)(91,92,93,94,95,96,97,98,99,100)
39;458
1.21607s
===============================
(1,36,84,-78,18,19,65,66,67,-32,-31)(-20,-85,35,75,60)(11,12,23,24,58,-34,-33,15,16,17,-79,-39,-38,-37,-42,-41)(51,52,53,54,43,44,-9,-8,29,-27,-26,48,-87,10)(61,-47,-57,-46,-45,-86,-64,-49,88,89,90)(71,72,73,74,2,-63,-81)(-50,3,59,62,14,68,7,-28,30)(-40,5,6,82,-25,69,70)(21,22,13,-4,55,56,-83,76,77,80)(91,92,93,94,95,96,97,98,99,100)
40;208
1.25327s
===============================
(1,73,-85,-48,-15,-14,-13,-57,88,89,90)(71,17,18,35,-26,-27,68,72,64,65,50)(21,34,-11)(-60,-59,56,-87,2,67,69,70)(31,-54,-53,-77,5,12,-49,-84,-83,-55,19,20)(51,52,28,23,24,-41)(61,-36,-37,10)(-80,-79,-78,-25,62,-74,86,-63,75,6,7,8,9,42,43,44,45,46,47,16,38,-33,-32,76,-4,-3,22,29,30)(-40,-39,-66,58,-82,-81)(91,92,93,94,95,96,97,98,99,100)
38;76
1.39104s
===============================
(1,7,-26,-25,-63,29,30)(81,82,12,77,78,79,-16,-15,-14,67,68,47,48,49,50)(51,-93,27,-61)(-20,-19,-18,8,9,-24,-23,13,-66,-65,-64,-56,-42,-41)(21,22,5,6,-86,-32,-17,80)(91,92,-34,-33,36,-75,-74,2,3,62,35,55,43,4,-98,-97,-96,-71)(-10,-58,-57,-76,99,100)(-60,-59,38,84,85,-54,-53,-52,-11)(31,37,-28,44,45,46,69,70)(-40,-39,-83,94,95,72,73,87,88,89,90)
38;218
1.49624s
===============================
(1,20)(-60,-59,3,4,-42,-81)(11,-2,16,5,55,56,24,26,27,83,84,85,86,87,-64,-63,45,46,47,-65,88,73,74,75,76,77,82,28,29,30)(71,-6,-54,15,68,49,50)(-40,-39,-61)(21,67,-66,78,79,80)(31,32,33,34,19,22,23,-25,17,18,35,-8,-7,-41)(51,52,12,90)(-10,-9,36,-89,-72,-13,58,37,57,53,-14,62,-44,-43,38,48,69,70)(91,92,93,94,95,96,97,98,99,100)
37;103
1.77285s
===============================
(1,25,-33,-51)(-20,-46,-45,-74,-73,59,60)(71,-78,-77,-62,24,-42,-41)(31,35,83,-48,58,67,68,13,14,15,-5,-4,66,8,9,10)(21,22,52,-16,-84,49,50)(-70,-69,-12,-11)(-40,-39,55,-63,-76,-82,-81)(61,-23,-28,-27,-26,-54,-53,37,38,47,-57,-19,56,87,-75,-7,-6,85,-17,29,30)(-90,-89,-88,36,34,32,-86,-64,-18,65,-3,-2,43,95,96,97,98,99,100)(91,92,93,94,44,-72,79,80)
39;120
1.44208s
===============================
(1,2,44,45,-87,-86,-85,24,-81)(11,88,-83,-82,58,59,60)(-80,-79,64,65,66,67,68,69,70)(31,32,-98,17,49,50)(61,14,76,-55,46,-12,-89,-5,10)(-20,-19,-18,-48,-47,56,95,43,-39,-8,84,-42,-41)(91,92,-57,-94,-63,-62,35,6,7,13,-34,-33,96,97,-16,-15,-75,-74,-73,-93,25,-53,-52,-51)(-30,-29,-28,-27,54,-78,-77,36,37,-23,-22,-21)(-40,3,4,-9,-38,99,100)(-90,-26,-72,-71)
38;127
1.79753s
===============================
(1,3,12,13,14,15,-86,-11)(-20,-66,-88,-87,16,72,77,-5,-4,64,-28,-27,-26,-48,-47,29,30)(-50,-49,-33,-32,74,75,76,-62,-61)(31,-58,-57,-56,-55,67,68,-23,9,36,37,38,39,40)(-60,-24,6,7,-21)(-90,-89,-65,-46,54,-63,-35,-34,-25,-59,8,-2,-17,-53,-41)(-10,19,43,44,45,-42,83,84,-85,-73,22,18,-71)(-80,-79,-78,69,70)(51,52,-82,-81)(91,92,93,94,95,96,97,98,99,100)
39;258
1.17975s
===============================
(1,-76,94,95,-62,82,40)(11,-93,-92,-91)(71,72,73,74,-36,-35,66,67,68,79,80)(21,98,70)(41,33,90)(31,32,-42,-88,44,45,46,47,15,-2,37,38,12,-81)(61,13,14,-84,-83,-39,77,8,-57,-56,-55,5,6,-9,27,28,29,30)(-20,-19,-65,-64,-63,96,97,24,89,-78,85,86,87,-43,-58,-26,-18,-17,-16,3,4,-54,-53,-52,-51)(-10,7,-69,-25,-34,22,23,75,59,60)(-50,-49,-48,99,100)
40;295
1.88413s
===============================
(1,3,4,-31)(-90,-89,74,85,86,87,88,-33,-36,-35,-34,-84,-83,68,45,26,27,28,29,58,59,60)(21,22,23,-38,-46,-25,-72,-71)(-40,-39,24,-14,-13,-12,-11)(41,-66,-64,-77,-76,-75,52,53,54,17,-65,18,19,20)(51,-48,-47,-63,67,-43,-42,7,55,79,80)(81,82,-15,73,-2,44,-32,-69,49,50)(-70,8,9,-6,-5,-37,10)(61,62,-16,78,56,57,30)(91,92,93,94,95,96,97,98,99,100)
39;438
1.45452s
===============================
(1,38,39,84,29,30)(11,12,-72,-45,-44,-43,-42,-67,70)(-20,54,-25,40)(-60,-2,-53,-82,-88,63,-37,5,-59,-81)(31,87,-62,-61)(-90,-32,-86,-85,-65,-64,-41)(-10,-9,-27,-26,-4,3,-89,73,-33,23,24,-75,-74,-7,-22,-21)(-100,-99,-98,-97,-78,-77,-83,-55,-76,69,19,49,50)(71,46,47,48,8,-18,66,68,28,-13,14,-91)(51,52,-36,-35,-34,-6,-56,-58,-57,-17,-16,-15,92,93,94,95,96,79,80)
52;1000
2.32055s
===============================
(1,-24,77,-91)(31,76,62,79,-2,-14,-18,28,29,-26,-47,-41)(81,82,83,-48,-25,-39,-51)(-10,-86,4,5,6,7,8,-84,52,53,-37,-44,-73,-72,55,56,57,58,59,35,36,88,89,90)(11,85,-87,12,-23,30)(21,22,13,54,-71)(61,-9,-45,16,17,3,40)(-80,-42,-46,-38,34,60)(-20,-19,33,-15,98,99,100)(-70,-69,-68,-67,-66,-65,-64,-63,-78,92,93,94,95,96,97,-32,43,74,75,27,49,50)
46;381
3.02281s
===============================
(1,-54,-67,17,3,-66,69,70)(11,-68,64,-88,-87,19,7,50)(-40,-39,33,77,-47,35,62,63,84,-65,-8,-86,-85,-41)(-10,-75,23,-15,-14,-13,-12,-43,-48,-49,-42,-61)(-90,-89,18,-58,-57,-56,-55,74,-27,37,38,30)(21,22,-36,46,-34,-45,-44,-73,-72,-71)(51,52,-59,78,-26,76,-83,20)(81,82,-53,16,-6,-5,29,-31)(-80,-79,-2,28,32,-25,-24,9,4,60)(91,92,93,94,95,96,97,98,99,100)
55;1039
1.67679s
===============================
(1,-11)(81,-2,40)(-80,-79,-4,73,74,-3,49,-33,-37,-36,-12,45,-72,-71)(-10,-22,-32,8,5,-25,-24,-23,19,20)(61,-42,15,17,-52,76,77,-56,-26,-66,7,-31)(-70,9,6,-59,75,-51)(91,92,43,39,67,68,-34,50)(21,38,44,69,29,30)(-60,18,-48,-47,-46,-65,-64,-63,-62,93,94,95,96,-54,-53,82,-97,-78,57,58,27,28,-55,-16,-35,-14,-13,-41)(-90,-89,-88,-87,-86,-85,-84,-83,98,99,100)
49;675
2.20274s
===============================
(1,55,56,86,85,39,-53,-52,-51)(-10,82,32,-41)(-20,-19,3,75,-27,-26,90)(31,-73,23,17,2,-89,-88,-71)(-40,-77,14,15,16,-13,-12,48,-74,4,-47,72,29,30)(-80,6,-63,-28,44,45,-18,5,-79,-78,-58,50)(-100,-99,-65,46,33,34,35,36,37,87,24,25,-7,64,-11)(61,62,54,-38,-84,8,43,-81)(-60,-59,-76,-49,-57,42,9,83,-22,-21)(91,92,93,94,95,96,97,98,66,67,68,69,70)
51;577
2.01413s
===============================
(1,89,90)(11,-84,18,-65,77,29,30)(61,-6,-73,36,-75,72,86,35,28,-81)(-50,-71)(-20,-19,-58,-57,-56,-48,-47,-46,62,69,70)(-10,-2,-23,-22,14,15,67,68,-25,-24,33,34,52,53,54,-31)(51,-4,49,-12,-85,-27,-26,83,16,-32,-43,55,-7,-42,-41)(21,-74,-5,-63,-66,64,3,-9,44,45,-13,37,38,39,40)(-80,-79,-17,-88,-87,93,94,95,96,97,98,99,100)(91,92,76,-82,-8,78,59,60)
54;891
1.78414s
===============================
(1,2,3,-27,-79,50)(-90,-12,47,67,-25,-24,-77,-41)(21,22,-63,26,80)(-70,-69,-45,-49,-62,-36,39,40)(31,32,44,-4,53,54,56,-42,-88,57,65,14,15,-66,-13,-17,5,-73,-72,-71)(-20,-19,-18,55,-58,-64,-87,-28,-75,-61)(11,68,7,30)(81,82,9,10)(-60,-59,33,89,-8,-29,76,38,-34,35,-78,-74,-6,-46,-16,48,43,-37,-23,-86,83,84,85,-52,-51)(91,92,93,94,95,96,97,98,99,100)
55;859
1.54278s
===============================
(1,12,13,-46,-73,-26,-62,-61)(11,48,83,5,6,7,8,96,97,-36,-35,39,40)(21,-67,-66,52,32,33,34,89,90)(-70,-14,47,-24,18,55,-57,-31)(-80,-79,-22,-69,-68,3,-16,-27,-53,-38,-56,49,50)(-60,-59,2,-78,-77,-76,-75,-74,65,28,30)(41,64,-4,-17,-23,58,-82,-81)(-20,-19,-37,98,9,-88,-87,-86,-85,-84,42,43,44,45,-51)(71,72,29,15,-63,-54,25,10)(91,92,93,94,95,99,100)
48;311
2.171s
===============================
(1,22,45,-55,-54,-5,-39,-38,87,76,20)(11,46,79,32,33,88,66,-21)(-80,77,23,37,-78,-44,13,-85,-84,-83,-82,6,7,-2,-68,56,69,89,90)(-70,-35,30)(31,-28,18,19,53,-81)(91,92,26,27,14,8,-75,3,4,40)(-10,43,64,65,57,86,-73,67,58,-52,-51)(-50,-49,-72,-71)(41,-24,-36,15,25,-29,17,74,42,-9,34,16,47,48,-12,-63,-62,-61)(-60,-59,93,94,95,96,97,98,99,100)
56;957
2.23692s
===============================
(1,8,46,-72,76,77,47,-11)(-30,-49,75,15,2,3,17,18,-62,-61)(-60,-28,19,-29,-58,-57,-56,-74,-73,-38,-37,78,79,-5,-21)(81,-41)(51,80)(-40,-39,6,-66,-7,22,23,24,25,-69,-68,44,54,55,-71)(-20,9,10)(-70,26,-14,13,-52,48,42,53,50)(31,-16,12,4,67,59,32,33,34,-64,-63,-27,45,-43,-65,35,36,97,98,99,100)(91,92,93,94,95,96,82,83,84,85,86,87,88,89,90)
49;798
2.63037s
===============================
(1,64,32,33,63,18,-58,-57,-56,-7,15,-51)(11,-44,2,3,4,45,46,-88,-87,-38,-39,47,5,9,10)(-80,-17,8,68,77,-14,-62,-61)(31,-73,83,-37,43,19,-79,-78,-6,-13,-12,23,24,66,67,20)(21,22,86,59,60)(-40,-42,-49,52,-85,-84,-26,-76,-75,55,34,35,36,27,28,29,30)(-50,-65,74,25,-54,-72,-71)(-70,-69,-53,-82,-81)(41,16,48,89,90)(91,92,93,94,95,96,97,98,99,100)
51;820
1.25387s
===============================
(1,-43,-42,46,47,48,98,99,100)(11,-18,3,15,52,53,-12,60)(-90,-37,-74,-62,76,86,65,23,4,5,6,-66,38,39,40)(51,16,-14,82,54,55,56,57,67,77,-35,-34,-33,-32,-31)(81,-19,-27,-26,-25,-24,2,7,20)(-80,-79,87,68,-78,36,69,30)(61,-75,-17,64,22,-89,-73,-84,-21)(41,29,-58,44,13,-85,8,9,10)(-70,-59,-28,88,63,-83,45,-72,-71)(91,92,93,94,95,96,97,49,50)
50;360
1.16384s
===============================
(1,-12,-11)(61,-3,-34,47,43,-83,-63,48,49,-46,88,89,59,60)(-80,-13,26,-62,90)(-10,9,79,-4,19,20)(-100,-99,14,45,-95,-87,-21)(-50,-74,-73,-98,-64,6,7,-52,-22,97,-32,-31)(91,92,-44,84,66,67,68,69,70)(41,-93,-25,-5,-33,-16,-94,82,-8,53,54,55,56,27,-81)(51,-35,78,24,15,2,96,36,37,38,39,40)(71,72,-65,17,18,-77,-76,-75,57,58,-23,-86,-85,-42,28,29,30)
54;447
1.73801s
===============================
(1,-4,32,-43,5,39,40)(-60,-59,74,14,15,-55,7,-38,-33,84,3,-76,-88,-87,18,29,30)(81,82,34,-25,-24,16,66,37,89,90)(71,19,20)(11,73,-52,-51)(21,22,-47,-46,-45,80)(31,-44,-77,78,65,70)(41,-68,9,36,67,-57,-56,-23,75,-2,-35,79,-48,58,-83,17,-86,49,50)(61,62,53,54,-6,-85,-13,-12,-69,42,63,64,26,27,28,8,-72,10)(91,92,93,94,95,96,97,98,99,100)
52;438
2.15185s
===============================
(1,29,30)(61,-33,18,-5,37,-52,-51)(-60,-6,-14,-66,38,49,-11)(-10,58,-48,-47,-46,-28,-22,17,-73,79,80)(-40,45,54,55,56,9,-3,4,-68,-67,-27,57,-64,44,-39,-78,-77,36,65,50)(-70,-7,-59,63,24,25,26,19,20)(21,43,-23,-8,-32,-31)(71,72,-13,-53,74,75,76,-35,-34,85,86,87,88,89,82,83,84,2,-69,-81)(41,42,-16,-15,12,-62,90)(91,92,93,94,95,96,97,98,99,100)
50;828
2.54372s
===============================
(1,34,35,-7,-46,-19,39,40)(11,66,14,-71)(-30,9,62,63,-26,13,67,85,44,45,-5,-22,-21)(51,52,-33,83,-41)(-70,-88,-65,27,28,10)(81,82,3,4,42,43,-69,-18,48,-12,-87,80)(31,47,79,15,16,53,54,55,74,75,76,-68,-24,-23,84,64,36,-61)(-50,-49,-25,-57,86,72,29,73,56,77,78,37,38,59,60)(-20,32,6,8,-58,17,2,89,90)(91,92,93,94,95,96,97,98,99,100)
53;776
1.73165s
===============================
(1,49,2,-87,3,-46,78,-11)(-60,37,-42,-41)(21,86,34,35,-23,-22,69,33,67,47,48,-63,53,54,95,77,59,-36,40)(-30,70)(-80,43,62,-5,72,-12,-28,-27,-26,29,-79,38,-7,50)(61,32,-6,17,-25,-24,74,85,-88,-31)(71,75,76,-18,68,4,-45,-44,66,13,14,15,52,-73,-84,-97,-96,64,65,-8,-16,-51)(-10,-9,39,-58,-57,-56,-55,19,20)(81,82,83,98,99,100)(91,92,93,94,89,90)
58;667
1.46356s
===============================
(1,76,77,-18,-17,74,-44,-43,-41)(-30,25,26,45,32,33,-73,-5,66,49,-7,-2,68,-64,-67,13,20)(-40,-39,-38,-52,83,-16,10)(-60,-97,-96,-88,-87,29,6,-82,8,-58,70)(-50,-78,-27,-71)(-90,-42,-36,-35,-34,-12,-11)(81,-86,-9,-89,-75,72,15,46,47,48,-23,-22,-21)(61,62,63,3,4,-98,-19,28,37,24,-65,69,-57,-56,-55,-54,-53,84,-31)(-80,-79,-14,-59,-95,-94,-93,-92,-91)(51,85,99,100)
54;614
1.43248s
===============================
(1,33,34,-4,-3,-2,44,-12,-17,-16,-15,-14,-13,23,24,25,69,-29,74,-6,-5,-64,-35,-52,-51)(-40,85,66,10)(11,53,54,-48,-47,-46,-45,-19,-18,-28,9,67,65,-21)(-20,-84,-83,7,39,57,-56,-86,50)(-70,68,-75,-22,-78,-81)(61,-59,-58,-8,-38,79,80)(-60,73,27,-31)(-30,76,77,82,87,88,37,-42,49,-63,26,-32,-72,-71)(-90,-89,-62,-36,-55,43,-41)(91,92,93,94,95,96,97,98,99,100)
54;1155
0.847406s
===============================
(1,-17,64,-43,20)(11,75,57,2,38,-33,-87,-78,18,19,29,-77,-76,-22,26,6,7,8,9,10)(71,-86,83,-49,-32,-68,-67,-62,-61)(81,-3,-34,5,39,40)(31,-79,-28,-27,-42,23,50)(41,55,30)(-80,58,-74,-16,-15,-82,24,25,-63,60)(-90,4,54,-56,59,-66,-45,-44,-14,-13,-12,-73,35,36,37,65,46,47,48,88,89,53,-21)(-70,-69,84,85,72,-52,-51)(91,92,93,94,95,96,97,98,99,100)
53;882
1.78445s
===============================
(1,-15,-9,-64,-63,10)(11,-75,-5,-28,-59,89,18,19,20)(-60,36,-68,-76,-79,27,49,-23,-22,-21)(31,-4,-17,58,74,8,-32,38,-41)(-80,-73,-84,39,40)(-70,-48,-47,-46,37,-78,-77,-88,-87,52,6,16,-83,85,67,13,14,-62,-61)(71,44,-51)(-50,-34,43,-86,30)(-90,-66,-65,-45,55,56,57,2,3,-69,25,26,-53,-42,29,82,-24,35,72,-54,33,12,-7,-81)(91,92,93,94,95,96,97,98,99,100)
60;855
2.02991s
===============================
(1,2,33,-55,-54,79,73,-67,26,-7,43,-16,-15,-88,-87,66,23,49,50)(41,38,-69,-62,-61)(21,64,86,-3,-5,84,22,20)(11,82,27,14,13,-42,-74,45,-44,-81)(31,32,-58,-56,-12,25,85,-48,6,-46,70)(-30,-29,-28,4,-47,8,-57,-83,89,-77,-76,-75,18,-65,63,53,-78,90)(-80,52,-39,-68,-17,34,35,59,60)(-10,19,-72,-71)(51,-37,24,-9,36,40)(91,92,93,94,95,96,97,98,99,100)
62;631
1.74679s
===============================
(1,-74,-54,-55,-18,-38,2,85,-31)(71,72,73,-84,-83,6,-82,-81)(21,27,3,4,24,45,77,28,76,-11)(51,-42,-22,78,79,-67,-66,-65,-64,-63,-49,-9,-46,15,-5,19,20)(61,62,-17,86,-37,-14,-26,-25,-44,-43,-16,-88,87,-57,23,-68,-32,80)(-90,-89,48,-7,-47,60)(-50,-56,75,10)(-40,-39,-52,69,29,33,34,36,-53,70)(41,8,12,35,-59,-58,-13,30)(91,92,93,94,95,96,97,98,99,100)
59;805
1.45823s
===============================
(1,16,60)(11,-47,-36,-35,23,46,56,22,62,32,-9,34,29,-14,-61)(21,-57,78,-18,-31)(-70,-72,-84,80)(-40,4,5,-73,68,89,90)(51,52,67,26,76,77,8,-28,65,-38,-37,69,-55,74,66,-71)(-10,83,-63,44,-43,-48,-54,-88,-87,-86,-17,64,-81)(-30,39,-13,-12,-24,-45,15,82,-3,-2,-27,7,-42,-41)(-50,-49,-25,-6,-79,75,53,-85,-59,-33,58,19,20)(91,92,93,94,95,96,97,98,99,100)
64;923
1.64818s
===============================
(1,-83,36,-33,-32,-79,70)(11,89,9,-31)(21,27,17,-2,46,-39,-38,-37,5,-76,-12,-71)(-20,-23,53,54,55,42,-73,-69,-52,-51)(-60,-59,48,18,-72,26,80)(-50,-47,43,-61)(-90,28,67,-56,-34,-4,-58,84,-35,-8,19,-82,-15,-14,86,-45,-16,-81)(-40,-85,77,-65,-78,-7,29,-6,75,10)(-30,57,-64,-24,68,88,25,-3,49,-63,-62,-87,44,66,-22,74,-13,-41)(91,92,93,94,95,96,97,98,99,100)
67;1279
0.607793s
===============================
(1,-83,-82,27,37,64,-81)(21,3,-44,45,46,54,35,-68,-8,-63,-76,69,-52,40)(-50,25,13,72,56,57,74,-11)(31,29,30)(-100,-99,-98,-97,-96,-95,-94,-93,-92,33,24,9,10)(-20,-19,-18,-17,-42,-53,-77,75,59,-67,-66,-65,36,43,-85,-86,-23,-71)(51,-48,-14,-22,73,58,-16,-15,-28,70)(-80,-79,-78,49,-4,38,-47,-26,2,-34,-87,-7,-6,-5,55,60)(61,62,39,12,88,89,90)(91,-32,84,-41)
59;923
1.46635s
===============================
(1,-17,-79,-78,12,13,14,80)(21,75,76,-26,-43,69,70)(-30,-58,-3,-22,-34,42,49,39,40)(61,65,-51)(91,-2,24,-29,-92,-85,-68,-23,15,16,-27,48,-4,35,86,33,90)(-20,-19,-18,25,-54,-53,-52,36,37,38,-62,-77,-89,84,-55,-74,-28,-72,-71)(31,67,56,57,-46,9,10)(-60,-59,66,-45,-6,-5,47,-41)(11,-73,63,64,32,-44,50)(81,82,83,-88,-87,7,8,93,94,95,96,97,98,99,100)
55;639
2.47219s
===============================
(1,35,36,-43,47,-54,86,34,68,-27,17,8,9,6,7,-52,-51)(11,18,-46,-63,-26,-25,-29,87,32,33,-56,-4,-3,-2,49,50)(-40,-78,13,-31)(41,58,15,16,66,67,-44,85,-92,-91)(-30,-84,-28,-71)(-10,-23,88,89,19,65,-64,-83,-14,-45,69,38,39,-42,90)(-80,5,59,60)(61,62,72,82,-37,-96,-95,-94,-93,53,-74,79,77,22,-75,24,48,70)(81,73,-76,57,55,20)(21,12,97,98,99,100)
65;1305
0.679522s
===============================
(1,2,3,4,26,-36,-9,-55,-61)(51,12,-62,17,-56,-68,20)(-40,6,-7,-42,-15,-14,-53,-8,47,-75,63,-21)(31,72,-45,65,78,29,25,5,27,28,66,89,90)(41,-33,-76,37,46,-35,-67,-43,44,-87,-86,-38,85,64,-71)(-60,32,-82,73,88,-34,16,-19,30)(-70,-69,48,49,50)(11,-84,57,58,59,-39,79,80)(-10,18,-24,52,54,-77,-13,-83,22,23,74,-81)(91,92,93,94,95,96,97,98,99,100)
63;1509
0.950703s
===============================
(1,-73,6,48,-77,-42,89,90)(11,-68,-47,75,10)(71,72,-43,-58,54,-64,-63,94,-93,98,-67,-66,-65,33,-81)(31,-74,-87,-35,-34,4,22,-84,-7,-28,15,3,-46,59,60)(-50,-49,55,44,56,20)(-100,-99,-62,-16,29,30)(-70,-69,9,95,52,53,17,-5,8,-76,-91)(41,32,92,82,83,57,-38,-37,-36,45,-39,78,-19,2,24,-27,97,-51)(21,-14,-13,88,18,-12,40)(61,86,-85,23,-26,-25,96,79,80)
68;1449
1.42611s
===============================
(1,36,65,66,-2,-35,15,-67,-11)(81,54,55,56,57,74,-18,-42,83,-13,-12,45,-49,-17,-59,-62,24,-61)(-10,-9,-8,48,53,85,39,52,-46,47,43,29,30)(-50,-6,-5,33,-31)(51,-72,-84,75,76,82,-71)(-20,-19,-77,-68,-38,27,28,63,-3,7,-69,80)(91,92,-23,22,37,44,25,26,34,-14,40)(-70,87,73,86,-21)(-90,-89,4,-64,58,32,-78,16,60)(41,88,79,93,94,95,96,97,98,99,100)
63;1307
0.698489s
===============================
(1,-67,-9,-35,44,23,45,-71)(11,58,40)(-10,34,3,-49,-19,-32,77,-63,6,43,4,-75,42,37,13,56,-96,-95,68,2,50)(-60,-65,17,18,84,85,86,87,88,89,90)(81,-12,-57,-33,-99,59,-66,-53,-52,-51)(-100,-14,-55,24,-7,76,47,-62,-61)(21,8,-54,64,30)(-70,-69,72,22,-38,-74,-15,-28,-27,-26,-25,48,46,-83,-82,97,98,5,20)(31,-29,-39,36,16,73,-41)(91,92,93,94,78,79,80)
63;1160
2.12672s
===============================
(1,-74,6,-87,67,68,58,94,-41)(11,-22,-48,-47,-12,-73,-35,-34,-33,-66,-21)(61,-89,3,4,16,-53,-57,39,23,24,-44,59,-85,-51)(-10,-52,2,-49,-75,37,14,15,83,-25,76,20)(-40,28,-64,77,65,-13,-45,60)(-30,-29,-84,26,93,-63,90)(31,27,55,80)(-70,-69,-72,78,-32,38,-56,86,79,17,5,-71)(81,82,9,-54,18,62,-36,-92,-91)(-50,42,43,-46,19,-8,-7,88,95,96,97,98,99,100)
66;1459
1.13167s
===============================
(1,7,-42,-83,55,-74,60)(11,-17,96,33,-86,-85,-84,13,-76,-63,47,32,19,40)(-30,-29,2,79,-82,66,4,39,20)(-50,-49,44,-89,-88,-87,24,95,14,15,-12,-93,-92,-91)(-90,-8,-72,-94,-3,16,56,80)(31,54,-64,-57,46,-62,22,23,10)(61,-78,-5,43,27,-65,52,53,-45,77,6,-21)(-70,18,58,68,69,-41)(51,73,59,75,67,9,-81)(-100,-99,-98,-97,35,36,37,38,-34,25,26,-48,28,-71)
65;1147
1.36581s
===============================
(1,26,36,-5,47,84,56,-52,-68,38,-11)(-100,-99,-98,-95,57,-71)(-30,-2,72,73,22,-27,-94,-37,39,40)(-60,58,13,-85,-67,-93,-92,-91)(51,-23,-12,-87,-86,64,65,88,79,96,97,-32,-31)(81,82,46,-14,29,53,6,7,-19,-18,-17,-16,-15,-78,-77,69,34,63,28,-89,4,-55,-61)(-70,-33,-54,59,-83,-45,-44,-43,35,-24,20)(-80,74,-41)(-10,-9,62,-42,75,76,-8,-21)(-50,-49,-48,-25,-66,-3,90)
60;664
2.04983s
===============================
(1,10)(31,-87,17,18,30)(-40,-39,-36,4,5,56,33,-46,48,-2,77,-67,-66,-42,-41)(-80,-19,34,-44,-43,53,54,-45,-84,86,29,-65,-64,62,96,97,98,99,100)(51,6,7,8,75,-57,55,-21)(-20,-28,25,-81)(-70,-69,-73,-13,88,37,-72,-71)(11,-58,35,14,15,-76,-85,-68,78,38,12,49,50)(-60,-47,26,27,-24,-23,-22,-59,-83,82,74,-63,9,-16,-3,-79,52,-61)(91,92,93,94,95,32,89,90)
61;1540
1.48041s
===============================
(1,-39,-38,-37,-86,62,40)(11,-76,52,-77,-63,66,-5,15,42,88,-83,8,-41)(81,73,90)(61,-3,85,-36,-33,-32,43,50)(51,44,-23,89,54,-24,53,-64,-12,2,-46,-45,27,28,-79,-78,-75,-74,-68,-25,-17,-59,-58,30)(-10,7,-34,-6,-9,65,-82,-87,55,56,-49,18,-29,80)(-60,-67,48,-47,57,35,19,20)(31,84,4,-14,-13,69,70)(21,22,-26,16,-72,-71)(91,92,93,94,95,96,97,98,99,100)
64;1665
0.664973s
===============================
(1,-54,-61)(31,68,-64,-38,-25,23,59,60)(-90,-89,-88,-87,-86,-85,-75,-66,-77,74,-21)(-10,-9,65,-34,-63,35,-47,-44,5,56,-3,-37,17,-4,48,45,79,84,-36,-14,20)(81,82,-6,57,18,-29,-49,32,33,76,-73,43,-71)(51,-52,7,16,-2,-26,-22,-72,-28,12,46,30)(-50,-58,-62,-55,15,8,-19,-67,-13,-11)(-80,24,27,-39,42,69,70)(-40,-83,53,78,-41)(91,92,93,94,95,96,97,98,99,100)
65;945
1.16797s
===============================
(1,-79,16,88,35,32,65,-53,-56,80)(11,77,-8,-7,-27,-26,-17,85,86,87,-9,-37,-36,-74,-73,2,67,50)(51,52,3,-63,83,24,-33,-25,34,-39,-15,-41)(-10,68,-5,-19,38,-55,47,66,-82,-59,-75,60)(-30,64,48,-62,-61)(-70,44,45,46,49,-54,-6,-58,-23,-72,-71)(81,18,-14,-4,28,89,78,90)(-40,-84,42,43,76,12,13,20)(31,69,29,57,-22,-21)(91,92,93,94,95,96,97,98,99,100)
62;910
1.70441s
===============================
(1,-86,-79,72,90)(61,62,-54,73,60)(71,-37,12,49,50)(51,14,87,78,7,45,58,-48,-98,-97,-17,8,-53,-59,-77,-52,96,16,-3,63,64,55,56,39,40)(-20,-19,88,-76,-5,-31)(-10,-83,47,99,100)(41,69,82,-28,-65,-13,-81)(-70,-85,-75,-74,89,-95,-94,34,35,36,38,68,-18,-46,-29,44,2,30)(11,57,66,67,25,26,27,42,43,-15,4,-32,-84,-33,6,-24,-23,-22,-21)(91,92,93,-9,80)
61;419
2.10875s
===============================
(1,-84,53,9,20)(-100,-99,93,94,95,76,43,44,16,29,30)(11,25,26,27,32,-48,87,-54,63,-23,-4,-3,-86,-74,-73,24,55,-41)(-10,97,-75,6,37,-8,28,83,-19,-59,88,-98,42,14,-85,38,12,13,39,40)(-80,-79,-64,-22,57,66,-89,-92,-91)(-50,-49,-68,-82,-31)(51,52,46,65,-7,-78,-77,33,34,35,36,-81)(21,18,60)(-70,15,45,-56,2,-96,47,-67,-17,5,-69,-62,-61)(-90,-58,-72,-71)
64;1399
0.625875s
===============================
(1,53,62,-52,36,14,42,-69,19,2,-47,-58,78,84,-11)(-20,25,26,87,-74,-73,4,55,-51)(-50,-46,43,-6,-12,-72,-45,68,-71)(81,-49,-29,-23,-24,59,60)(31,44,88,-48,32,86,64,-37,-13,-33,82,-41)(-70,-3,76,57,-18,-75,56,30)(21,-35,-8,-54,-34,-67,7,38,85,39,40)(-90,-15,-22,-77,17,-89,-66,-65,-16,-61)(91,-83,63,27,5,-28,9,10)(-80,-79,92,93,94,95,96,97,98,99,100)
69;762
1.06462s
===============================
(1,94,49,-18,80)(41,-2,34,35,-87,-86,48,83,64,65,-75,-61)(-70,-72,-12,-78,95,79,-56,17,-85,-15,50)(-40,-39,-16,58,53,76,77,-73,-33,67,-71)(-20,-43,52,-13,-37,59,88,-92,-91)(81,74,-19,-32,22,63,-38,-36,-14,-68,-44,-51)(-90,-89,62,-21)(-60,-42,66,96,-3,93,-57,-82,84,69,-11)(31,9,10)(-30,-29,-28,-27,-26,-25,-24,-23,4,5,6,7,8,-47,-46,-45,-55,-54,97,98,99,100)
64;1845
1.05327s
===============================
(1,-17,-92,60)(61,19,-54,-53,-95,43,86,-55,30)(91,-78,-26,34,-44,6,82,-93,-65,18,87,39,40)(81,-16,2,-29,-59,-58,-47,-64,83,27,10)(21,-88,84,98,99,100)(-70,52,77,66,-45,24,-71)(41,79,80)(11,7,-57,-67,37,-94,42,32,8,-63,-51)(31,5,25,-3,23,50)(-90,-89,14,15,28,72,73,74,75,76,35,36,62,-46,69,-13,-12,56,22,-97,-96,33,9,4,-49,-48,-85,38,-68,20)
72;1439
2.04784s
===============================
(1,17,18,75,54,55,-53,78,14,35,34,-71)(11,-59,15,36,16,-19,62,-74,-63,-21)(51,-27,33,-24,-23,-29,52,-41)(-60,68,85,-66,-65,-84,-31)(-50,58,48,49,82,77,86,-88,20)(-70,-37,-13,-87,-72,6,7,69,-61)(-30,25,26,-4,9,10)(-40,-44,76,32,12,-28,-42,67,2,-57,-56,-8,22,-43,83,79,80)(81,-5,73,-64,-3,47,45,-89,-39,-38,-46,90)(91,92,93,94,95,96,97,98,99,100)
67;1737
0.528585s
===============================
(1,-62,-5,44,-31)(11,-68,-58,46,-26,6,22,23,-35,82,34,87,-15,-21)(-50,-49,-64,77,78,-25,-24,12,-33,13,-16,79,-41)(61,27,28,85,29,-17,66,67,83,-84,-54,38,36,-81)(-20,-88,-65,-37,10)(-70,73,89,69,-19,-4,53,-14,76,-63,-72,-71)(-30,43,55,-8,75,39,40)(51,52,-3,74,32,-7,-47,-48,56,80)(-60,-59,45,2,9,-86,18,-57,42,90)(91,92,93,94,95,96,97,98,99,100)
65;1102
1.63649s
===============================
(1,8,-49,-48,13,69,70)(21,22,-71)(-60,-59,36,-15,26,77,-38,-37,3,35,66,25,80)(31,55,-64,-63,-62,89,90)(-10,93,-98,-67,-23,-12,18,-17,-52,-51)(-50,83,6,-84,-28,54,-73,-33,-56,29,9,-92,-91)(61,-65,-44,68,-24,5,-85,58,14,-43,-4,-88,-86,32,-47,-46,76,39,-79,-78,-7,45,34,27,-87,-75,30)(41,42,-82,-81)(-40,74,-16,53,2,-11)(-20,-19,72,57,-97,-96,-95,-94,99,100)
67;1050
1.86114s
===============================
(1,-24,56,-48,-32,63,64,-46,90)(51,-18,-17,-68,-31)(-100,-99,89,37,16,-97,-96,-95,77,53,54,55,-14,-81)(-80,-59,-58,-57,43,-45,3,66,67,-22,-21)(-40,52,-83,44,88,-33,4,-2,-28,19,34,-61)(-50,-49,98,-27,78,79,-12,62,65,69,70)(-60,94,23,39,5,75,-71)(-30,-36,-9,25,13,76,7,8,35,87,29,73,74,-15,42,72,-41)(-10,-86,-85,-84,-93,-92,-91)(-20,26,82,-38,47,6,-11)
67;1393
0.998659s
===============================
(1,27,-72,-75,93,70)(11,-8,50)(41,-73,-29,-96,-89,48,-88,-35,54,-53,-52,90)(-60,-59,-58,46,-66,-98,40)(-10,44,-38,7,2,68,19,-26,49,-21)(61,28,-69,76,24,25,-71)(-80,-79,-57,43,55,77,33,34,30)(-20,-67,47,-94,97,45,95,9,-78,12,74,39,-82,-81)(51,36,-92,-91)(31,32,-23,-22,62,63,-86,-85,-84,-83,37,-6,-5,-4,-3,-18,-17,-16,-15,-14,-13,-42,-87,64,65,-56,99,100)
59;540
4.33481s
===============================
(1,89,77,17,-64,-63,69,70)(11,35,54,-66,-25,19,-88,-51)(-90,74,15,-6,-56,-59,-46,-16,-41)(31,13,65,8,28,29,30)(-40,7,83,86,24,60)(-20,47,-26,84,-73,-12,62,-67,36,-85,42,10)(-50,-49,57,-9,-27,72,-21)(81,82,-18,-53,-52,23,5,-76,-55,58,-39,-38,-43,-87,-71)(61,-45,32,33,34,-68,-22,44,-75,-4,-3,-2,37,-14,-48,78,79,80)(91,92,93,94,95,96,97,98,99,100)
65;1838
0.610642s
===============================
(1,-13,-56,-55,-38,4,-25,-84,29,30)(21,-52,-16,9,79,80)(11,-65,-64,-36,48,-89,-45,-53,17,78,26,27,-85,58,-12,-44,-22,60)(81,-33,-19,-18,-34,-41)(61,-14,63,-73,7,67,-37,90)(91,92,74,75,76,86,87,88,62,-8,42,40)(-70,-69,-66,46,50)(31,32,23,-49,2,-43,82,-77,3,-57,-59,39,-5,68,-47,6,-72,-71)(-20,15,35,24,10)(51,83,-54,-28,93,94,95,96,97,98,99,100)
65;906
1.98581s
===============================
(1,-54,62,-86,82,-27,-43,-13,-2,26,-57,53,-49,-41)(-20,-19,17,38,56,74,-35,-22,-21)(11,-6,-37,68,-66,-58,7,77,-16,28,-5,-4,-46,65,-8,25,52,42,59,79,80)(71,-15,36,69,9,30)(31,-45,48,-72,-88,34,-33,-51)(-70,12,-3,-67,44,-73,39,-84,-83,-47,63,50)(-90,-89,-32,-81)(-40,-18,75,-61)(-60,-87,55,-64,14,-85,-78,-29,23,-76,24,10)(91,92,93,94,95,96,97,98,99,100)
74;2393
0.615454s
===============================
(1,52,-6,-5,90)(71,84,25,-63,-93,-42,-55,70)(21,49,-97,-54,-53,-57,-61)(11,56,67,68,62,-34,-15,-38,-37,-36,-35,76,69,82,16,-51)(31,-9,-89,17,18,-13,23,44,40)(-30,-22,-14,19,20)(81,79,-43,-3,-45,-29,66,10)(-50,98,95,96,7,-28,-27,-73,-72,-88,39,94,-2,-32,80)(41,-74,-26,-85,64,65,-83,33,75,12,-24,77,99,100)(91,92,46,47,4,-48,78,-59,-58,-8,-87,-86,60)
67;1090
1.04314s
===============================
(1,53,-49,15,-48,-68,26,-72,70)(-20,66,67,77,65,8,-44,-25,50)(31,-6,-64,18,79,-54,35,76,43,75,-29,28,27,-36,39,40)(-80,24,-17,-16,58,59,33,34,78,10)(41,-56,-55,84,-52,-51)(81,82,69,-74,12,9,19,-5,-4,60)(-30,88,89,90)(21,22,-46,-45,-7,-85,-42,-3,-57,32,-71)(11,83,-38,-37,47,-86,63,-13,87,-23,-2,-14,-73,-62,-61)(91,92,93,94,95,96,97,98,99,100)
62;662
1.93589s
===============================
(1,-53,50)(11,-23,-41)(-40,87,-8,-68,32,-73,6,45,-9,-81)(31,-64,44,34,35,-15,28,-89,-88,76,-7,-17,2,75,5,59,60)(-80,-38,43,-16,48,-78,-82,-62,-61)(-100,-99,-33,39,-37,74,-63,-54,46,29,30)(21,-86,-97,56,-66,-65,-13,-67,-47,-52,-51)(-10,77,-36,-57,42,55,-27,-69,18,22,58,70)(-90,-85,-84,-83,24,-98,12,14,3,4,-49,-26,-25,79,-72,-71)(91,92,93,94,95,96,19,20)
68;1489
0.680725s
===============================
(1,47,-5,-4,-59,12,-72,89,-36,75,-63,16,67,-35,-62,-24,77,87,84,-58,-57,76,-54,17,3,-82,19,-23,74,26,-64,43,53,-11)(-10,-9,-8,44,83,90)(51,52,-27,-61)(21,-22,7,-42,-41)(-80,85,39,40)(-60,-88,-28,-56,65,98,-79,-78,-18,13,-73,70)(-20,-32,-31)(-30,-29,55,-14,-2,-66,99,100)(71,-33,46,-25,15,34,-45,-81)(91,92,93,94,95,96,97,-69,-68,37,38,86,-6,48,49,50)
64;982
2.73732s
===============================
(1,15,-67,-64,-23,83,47,-33,52,-13,58,-51)(-90,-73,-17,-77,75,76,19,26,84,57,-18,-44,60)(-10,-66,-12,-11)(41,8,-55,3,-35,-2,59,-78,49,-9,-87,-21)(71,72,-46,-4,29,48,-82,69,70)(81,20)(-80,36,-6,-7,-63,-56,-86,-5,39,-14,40)(-30,-53,-27,-24,-43,68,-38,50)(31,32,-89,42,74,-88,-28,62,65,99,100)(91,92,93,94,95,96,97,98,-22,-16,-45,-37,-79,85,25,-54,34,-61)
74;1279
1.85638s
===============================
(1,-43,-46,-34,-7,40)(-90,-22,-74,52,-12,20)(-50,54,18,-41)(21,44,-69,59,60)(-70,-17,33,39,8,85,86,82,63,-45,57,-51)(11,-19,77,84,-73,75,47,24,4,-71)(-80,-79,27,28,-38,-37,-53,-5,42,-65,-2,87,-58,29,30)(-10,-9,67,-26,-25,-83,49,-55,-89,76,72,-3,78,-62,-61)(81,-98,-36,-35,14,6,88,32,68,66,99,100)(91,92,93,94,95,96,97,-16,-15,-13,-64,23,48,-56,-31)
68;1757
0.724431s
===============================
(1,9,10)(-70,-92,-91)(-80,-43,-75,-13,25,93,94,-86,-16,23,-22,62,-67,24,69,65,-14,-39,-18,-17,44,-21)(61,-38,30)(51,58,-4,-78,48,6,12,-99,66,89,95,96,-74,-28,40)(11,64,42,63,-46,-8,-76,85,-57,82,49,50)(-20,79,-37,-32,47,59,60)(31,77,19,87,34,35,53,88,2,3,29,-7,-84,-83,-73,-15,26,-97,5,33,45,54,-81)(-90,52,-41)(-100,-27,98,55,56,68,36,-72,-71)
76;2382
0.525429s
===============================
(1,22,-54,59,60)(-30,-39,-57,-41)(21,-55,69,70)(-80,97,-78,-63,-62,-61)(-50,46,-18,20)(-100,-53,99,-52,-71)(-90,88,74,-3,35,-82,19,-85,79,-96,7,-51)(-40,-64,-89,-93,34,-38,43,-32,-87,-76,-47,75,-73,26,27,-25,-24,83,84,98,-29,-28,56,68,12,-31)(81,37,86,-77,-23,-13,8,9,33,44,45,4,-14,94,95,-49,10)(91,92,-17,-16,-15,5,6,-42,-67,-66,-65,-72,-36,-58,-48,-2,-11)
68;1646
0.733438s
===============================
(2,1,3,5)(6,8,-7,4,10,-9)()()()()()()()()
10;47
7.13176s
===============================
(2,1,3,5)(6,8,-7,4,10,-9)()()()()()()()()
10;47
7.4195s
===============================
(2,1,3,5)(6,8,-7,4,10,-9)()()()()()()()()
10;47
0.00727271s
===============================
(2,1,3,5)(6,8,-7,4,10,-9)()()()()()()()()
10;47
6.69917s
===============================
(2,1,3,5)(6,8,-7,4,10,-9)()()()()()()()()
10;47
6.35976s
===============================
(2,1,3,5)(6,8,-7,4,10,-9)()()()()()()()()
10;47
5.85516s
===============================
(1,-2,3,8,-9,10,-11,12)(5,-6,7,4)
9;17
0.0231664s
===============================
(1,-2,3,-4,5,7,6,11)(9,-10,8)
10;22
0.00194885s
===============================
(1,-2,3,-4,5,7,6,11)(9,-10,8)
10;22
1.28422s
===============================
(1,-2,3,-4,5,7,6,11)(9,-10,8)
10;22
0.000941181s
===============================
(1,-2,3,8,-9,10,-11,12)(5,-6,7,4)
9;17
0.00121524s
===============================
(1,-2,3,8,-9,10,-11,12)(5,-6,7,4)
9;17
2.47305s
===============================
