
?v?(1,-31)(-10,-9,-8,-7,-6,-5,-4,-3,-21)(-20,-19,-18,-17,-16,-15,-14,-13,-64,-63,-62,-61)(41,42,43,44,45,46,35,36,-88,-87,76,-2,32,33,34,47,48,49,50)(11,12,65,66,67,68,-26,-25,-24,-23,-22,77,-85,-84,-83,-75,-74,-73,-86,78,79,80)(51,52,-89,37,38,39,40)(-30,-29,-28,-27,69,70)(71,72,-82,-81)(-90,53,54,55,56,57,58,59,60)(91,92,93,94,95,96,97,98,99,100)
64;2,26,36
v2:(1,-37)(21,11,12,-87,-86,-85,41,42,28)(29,30,31,32,84,-40,60,61,82,68,69,70)(47,48,49,50,-7,-6,-4,-3,-78,14,76,43,38,-83,-5,-67,-66,-65,-64)(-63,-62,10,-33,-13,88,23,24,25,26,27,77,16,17,18,-75,-74,-73,15,39,-59,-58)(81,-9,-79,-2,44,45,46)(-36,-35,-34,22,89,90)(71,72,19,20)(-80,-8,51,52,53,54,55,56,57)(91,92,93,94,95,96,97,98,99,100)
v3:(1,90)(-10,-9,46,47,48,-31,88,-8,27)(-17,-78,-36,-35,2,3,30,-76,-5,-4,-29,-28)(83,-69,-68,-67,-66,-15,85,86,33,34,64,-79,-89,-70,84,-14,-13,-75,-74)(11,12,23,24,25,42,38,39,40,41,26,7,-6,-22,-21,-63,-62,-61,-65,80,81,82)(55,-52,-57,87,77,53,54)(59,60,-56,37,43,44)(18,32,-20,-45)(-58,-51,-50,-49,19,-16,71,72,73)(91,92,93,94,95,96,97,98,99,100)
?tp?5.1,8.0,0;	42.4,42.2,0;;	38.4,38.2,0;;	
?tp?4.14,7.1,0;	27.6,27.4,0;;	1.6,1.8,0;;	
?tp?4.5,6.3,0;	32.4,32.2,0;;	29.4,29.2,0;;	
?tp?3.9,4.17,0;	27.8,27.2,0;;	1.4,1.16,0;;	
v2:(1,-37)(21,11,12,-87,-86,-85,41,42,28)(29,30,31,32,84,-40,60,61,82,68,69,70)(47,48,49,50,-7,-6,-4,-3,-78,14,76,43,38,-83,-5,-67,-66,-65,-64)(-63,-62,10,-33,-13,88,23,24,25,26,27,77,16,17,18,-75,-74,-73,15,39,-59,-58)(81,-9,-8,51,52,53,54,55,56,57)(-36,-35,-34,22,89,90)(71,72,19,20)(-80,-79,-2,44,45,46)(91,92,93,94,95,96,97,98,99,100)
v3:(1,90)(-10,-9,46,47,48,-31,88,-8,27)(-17,-78,-36,-35,2,3,30,-76,-5,-4,-29,-28)(83,-69,-68,-67,-66,-15,85,86,33,34,64,-79,-89,-70,84,-14,-13,-75,-74)(11,12,23,24,25,42,38,39,40,41,26,7,-6,-22,-21,-63,-62,-61,-65,80,81,82)(55,-52,-51,-50,-49,19,-16,71,72,73)(59,60,-56,37,43,44)(18,32,-20,-45)(-58,-57,87,77,53,54)(91,92,93,94,95,96,97,98,99,100)
?w?(1,-31)(-10,-9,-8,-7,-6,-5,-4,-3,-21)(-20,-19,-18,-17,-16,-15,-14,-13,-64,-63,-62,-61)(41,42,43,44,45,46,35,36,-88,-87,76,-2,32,33,34,47,48,49,50)(11,12,65,66,67,68,-26,-25,-24,-23,-22,77,-85,-84,-83,-75,-74,-73,-86,78,79,80)(51,52,53,54,55,56,57,58,59,60)(-30,-29,-28,-27,69,70)(71,72,-82,-81)(-90,-89,37,38,39,40)(91,92,93,94,95,96,97,98,99,100)
64;2,26,36
3,25,35:63
v2:(1,-37)(21,11,12,-87,-86,-85,41,42,28)(29,30,31,32,84,-40,60,61,82,68,69,70)(47,48,49,50,-7,-6,-4,-3,-78,14,76,43,38,-83,-5,-67,-66,-65,-64)(-63,-62,10,-33,-13,88,23,24,25,26,27,77,16,17,18,19,20)(81,-9,-8,51,52,53,54,55,56,57)(-36,-35,-34,22,89,90)(71,72,-75,-74,-73,15,39,-59,-58)(-80,-79,-2,44,45,46)(91,92,93,94,95,96,97,98,99,100)
v3:(1,90)(-10,-9,46,47,48,-31,88,-8,27)(-17,-78,-36,-35,2,3,30,-76,-5,-4,-29,-28)(83,-69,-68,-67,-66,-15,85,86,33,34,64,-79,-89,-70,84,-14,-13,-75,-74)(11,12,23,24,25,42,38,39,40,41,26,7,-6,-22,-21,-20,-45)(55,-52,-51,-50,-49,19,-16,71,72,73)(59,60,-56,37,43,44)(18,32,-63,-62,-61,-65,80,81,82)(-58,-57,87,77,53,54)(91,92,93,94,95,96,97,98,99,100)
?w?(1,-31)(-10,-9,-8,-7,-6,-5,-4,-3,-21)(-20,-19,-18,-17,-16,-15,-14,-13,-64,-63,-62,-61)(41,42,43,44,45,46,35,36,-88,-87,76,-2,32,33,34,47,48,49,50)(11,12,65,66,67,68,-26,-25,-24,-23,-22,77,-85,-84,-83,-82,-81)(51,52,53,54,55,56,57,58,59,60)(-30,-29,-28,-27,69,70)(71,72,-75,-74,-73,-86,78,79,80)(-90,-89,37,38,39,40)(91,92,93,94,95,96,97,98,99,100)
64;2,26,36
4,24,34:62
v2:(1,-37)(21,11,12,-87,-86,-85,41,42,28)(29,30,31,32,84,-40,60,61,82,68,69,70)(47,48,49,50,-7,-6,-4,-3,-78,14,76,43,38,-83,-5,-67,-66,-65,-64)(-63,-62,10,-33,-13,88,89,90)(81,-9,-8,51,52,53,54,55,56,57)(-36,-35,-34,22,23,24,25,26,27,77,16,17,18,19,20)(71,72,-75,-74,-73,15,39,-59,-58)(-80,-79,-2,44,45,46)(91,92,93,94,95,96,97,98,99,100)
v3:(1,90)(-10,-9,46,47,48,-31,88,-8,27)(-17,-78,-36,-35,2,3,30,-76,-5,-4,-29,-28)(83,-69,-68,-67,-66,-15,85,86,33,34,64,-79,-89,-70,84,-14,-13,-75,-74)(11,12,23,24,25,42,43,44)(55,-52,-51,-50,-49,19,-16,71,72,73)(59,60,-56,37,38,39,40,41,26,7,-6,-22,-21,-20,-45)(18,32,-63,-62,-61,-65,80,81,82)(-58,-57,87,77,53,54)(91,92,93,94,95,96,97,98,99,100)
?w?(1,-31)(-10,-9,-8,-7,-6,-5,-4,-3,-21)(-20,-19,-18,-17,-16,-15,-14,-13,-64,-63,-62,-61)(41,42,43,44,45,46,35,36,-88,-87,76,-2,32,33,34,47,48,49,50)(11,12,65,66,67,68,69,70)(51,52,53,54,55,56,57,58,59,60)(-30,-29,-28,-27,-26,-25,-24,-23,-22,77,-85,-84,-83,-82,-81)(71,72,-75,-74,-73,-86,78,79,80)(-90,-89,37,38,39,40)(91,92,93,94,95,96,97,98,99,100)
64;2,26,36
5,23,33:61
v2:(1,-37)(21,11,12,-87,-86,-85,41,42,28)(29,30,31,32,84,-40,60,61,82,68,69,70)(47,48,49,50,-7,-6,-4,-3,-78,14,15,39,-59,-58)(-63,-62,10,-33,-13,88,89,90)(81,-9,-8,51,52,53,54,55,56,57)(-36,-35,-34,22,23,24,25,26,27,77,16,17,18,19,20)(71,72,-75,-74,-73,76,43,38,-83,-5,-67,-66,-65,-64)(-80,-79,-2,44,45,46)(91,92,93,94,95,96,97,98,99,100)
v3:(1,90)(-10,-9,46,47,48,-31,88,-8,27)(-17,-78,-36,-35,2,3,30,-76,-5,-4,-29,-28)(83,-69,-68,-67,-66,-15,85,86,33,34,-65,80,81,82)(11,12,23,24,25,42,43,44)(55,-52,-51,-50,-49,19,-16,71,72,73)(59,60,-56,37,38,39,40,41,26,7,-6,-22,-21,-20,-45)(18,32,-63,-62,-61,64,-79,-89,-70,84,-14,-13,-75,-74)(-58,-57,87,77,53,54)(91,92,93,94,95,96,97,98,99,100)
?w?(1,-31)(-10,-9,-8,-7,-6,-5,-4,-3,-21)(-20,-19,-18,-17,-16,-15,-14,-13,-64,-63,-62,-61)(41,42,43,44,45,46,35,36,-88,-87,-86,78,79,80)(11,12,65,66,67,68,69,70)(51,52,53,54,55,56,57,58,59,60)(-30,-29,-28,-27,-26,-25,-24,-23,-22,77,-85,-84,-83,-82,-81)(71,72,-75,-74,-73,76,-2,32,33,34,47,48,49,50)(-90,-89,37,38,39,40)(91,92,93,94,95,96,97,98,99,100)
64;2,26,36
6,24,32:62
