perm1:(1,-2,3,5,4,6)(7,-8,11,-10)(-9,-14)(-13,12,15)
perm2:(1,-2,3,12,6)(7,-8,-10)(-9,4,5,-14)(-13,11,15)
perm3:(1,-2,3,-8,11,6)(7,4,5,-10)(-9,12,-14)(-13,15)
distance:6,6,6
median:(1,-2,3,5,4,6)(7,-8,11,-10)(-9,-14)(-13,12,15)
median score:0=0+0+0
0.0446286s
===============================
perm1:(1,2,-13,-12,-11)(-10,-9,-8,-7,-6,-5,-4,-3,14,15,16,17,18,19,20)(21,22,23,74,75,76,77,78,79,80)(31,32,33,34,35,36,37,38,39,40)(41,42,43,44,45,46,-64,-63,-62,-61)(51,52,53,54,55,56,57,58,59,60)(-50,73,24,25,65,66,67,68,69,70)(71,72,-49,-48,-47,26,27,28,29,30)(81,82,83,84,85,86,87,88,89,90)(91,92,93,94,95,96,97,98,99,100)
perm2:(1,2,3,38,39,40)(11,12,-85,-84,-58,-57,-56,-55,-54,-53,-52,-51)(21,22,23,24,25,26,27,28,29,30)(31,32,33,77,78,79,80)(41,42,43,44,45,46,47,48,49,50)(81,82,83,59,60)(61,62,63,64,65,66,37,4,5,6,7,8,9,10)(71,72,73,74,75,76,34,35,36,67,68,69,70)(-20,-19,-18,-17,-16,-15,-14,-13,86,87,88,89,90)(91,92,93,94,95,96,97,98,99,100)
perm3:(1,2,3,4,5,16,-55,14,15,6,7,8,9,10)(11,12,13,-54,-53,-52,-51)(21,22,23,24,-46,-45,-44,-43,-42,-76,-75,-74,-73,-72,-71)(31,32,33,34,35,36,37,38,39,40)(41,77,78,79,80)(-20,-19,-18,-17,56,57,58,59,60)(61,62,63,64,65,66,67,68,69,70)(-30,-29,-28,-27,-26,-25,47,48,49,50)(81,82,83,84,85,86,87,88,89,90)(91,92,93,94,95,96,97,98,99,100)
distance:10,10,10
Hmedian:(1,2,3,4,5,6,7,8,9,10)(11,12,13,14,15,16,17,18,19,20)(21,22,23,24,25,26,27,28,29,30)(31,32,33,34,35,36,37,38,39,40)(41,42,43,44,45,46,47,48,49,50)(51,52,53,54,55,56,57,58,59,60)(61,62,63,64,65,66,67,68,69,70)(71,72,73,74,75,76,77,78,79,80)(81,82,83,84,85,86,87,88,89,90)(91,92,93,94,95,96,97,98,99,100)
Hmedian score:15=5+5+5
4.56195s
===============================
average1:5:4.56195
===============================
perm1:(1,-7,36,37,38,39,40)(11,12,13,14,15,16,17,18,19,20)(-10,-9,-8,2,3,4,5,6,-27,-26,-25,-24,-23,-22,-21)(31,32,33,34,35,28,-72,-71)(41,42,43,44,45,46,47,48,49,50)(51,52,53,54,55,56,57,58,83,84,85,86,87,88,89,90)(61,62,63,64,65,66,67,68,69,70)(-30,-29,73,74,75,76,77,78,79,80)(81,82,59,60)(91,92,93,94,95,96,97,98,99,100)
perm2:(1,2,26,27,28,29,30)(-10,-9,-8,-7,-6,-5,-4,-3,39,40)(21,22,23,24,25,-38,-37,-36,-35,-14,-13,-12,-11)(31,32,33,34,15,16,17,18,19,20)(41,42,43,44,45,46,47,48,-56,-55,-54,-53,-52,-51)(-50,-49,57,58,59,60)(61,62,63,64,65,66,67,68,72,73,74,75,76,77,78,79,80)(71,69,70)(81,82,83,84,85,86,87,88,89,90)(91,92,93,94,95,96,97,98,99,100)
perm3:(1,2,3,4,5,6,7,8,9,10)(11,12,13,14,15,16,17,-73,-72,-71)(21,22,23,24,55,56,57,58,59,60)(31,32,33,34,35,67,68,69,70)(41,42,43,44,45,46,47,48,49,50)(51,52,53,54,25,26,27,28,29,30)(61,-78,65,66,36,37,38,39,40)(-20,-19,-18,74,75,76,77,-64,-63,-62,79,80)(81,82,83,84,85,86,87,88,89,90)(91,92,93,94,95,96,97,98,99,100)
distance:10,10,10
Hmedian:(1,2,3,4,5,6,7,8,9,10)(11,12,13,14,15,16,17,18,19,20)(21,22,23,24,25,26,27,28,29,30)(31,32,33,34,35,36,37,38,39,40)(41,42,43,44,45,46,47,48,49,50)(51,52,53,54,55,56,57,58,59,60)(61,62,63,64,65,66,67,68,69,70)(71,72,73,74,75,76,77,78,79,80)(81,82,83,84,85,86,87,88,89,90)(91,92,93,94,95,96,97,98,99,100)
Hmedian score:15=5+5+5
0.24583s
===============================
average1:5:0.24583
===============================
perm1:(1,2,3,4,5,6,7,8,9,10)(11,12,35,36,37,24,25,26,27,28,29,30)(21,22,23,68,69,70)(31,32,33,34,13,14,-83,-82,-81)(41,42,43,44,45,-38,-67,-66,-65,-64,-63,-62,-61)(51,52,53,54,55,56,57,58,59,60)(-50,-49,-48,-47,-46,39,40)(71,72,73,74,75,76,77,78,79,80)(-20,-19,-18,-17,-16,-15,84,85,86,87,88,89,90)(91,92,93,94,95,96,97,98,99,100)
perm2:(1,2,3,4,5,6,7,-33,-32,-31)(11,12,13,14,15,16,17,18,19,20)(21,22,-34,8,9,10)(81,82,-24,-23,35,47,48,49,50)(41,42,43,44,45,46,36,37,38,39,40)(51,52,53,54,55,56,57,58,59,60)(61,62,63,64,65,66,67,68,-88,-87,-86,-85,-84,-83,25,26,27,28,29,30)(71,72,73,74,75,76,77,78,79,80)(-70,-69,89,90)(91,92,93,94,95,96,97,98,99,100)
perm3:(1,2,3,4,5,6,7,8,9,10)(11,12,13,14,15,16,-32,-31)(21,22,23,24,25,26,27,28,29,30)(-20,-19,-18,-17,49,50)(41,42,43,44,69,70)(51,52,53,54,55,67,68,45,46,47,48,33,34,35,36,37,38,39,40)(61,62,63,64,65,-84,-83,-82,-81)(71,72,73,74,75,76,77,78,79,80)(-60,-59,-58,-57,-56,-66,85,86,87,88,89,90)(91,92,93,94,95,96,97,98,99,100)
distance:10,10,10
Hmedian:(1,2,3,4,5,6,7,8,9,10)(11,12,13,14,15,16,17,18,19,20)(21,22,23,24,25,26,27,28,29,30)(31,32,33,34,35,36,37,38,39,40)(41,42,43,44,45,46,47,48,49,50)(51,52,53,54,55,56,57,58,59,60)(61,62,63,64,65,66,67,68,69,70)(71,72,73,74,75,76,77,78,79,80)(81,82,83,84,85,86,87,88,89,90)(91,92,93,94,95,96,97,98,99,100)
Hmedian score:15=5+5+5
0.309385s
===============================
average1:5:0.309385
===============================
perm1:(1,2,3,4,5,6,7,8,9,10)(11,12,13,77,78,79,80)(21,22,23,24,25,26,27,28,29,30)(31,52,53,54,55,-65,-64,-63,-62,-61)(41,42,43,44,45,46,47,48,-75,-74,-73,-72,-71)(51,32,33,69,70)(-60,-59,-58,-57,-56,66,67,68,34,35,36,37,38,39,40)(-50,-49,76,14,15,16,17,18,19,20)(81,82,83,84,85,86,87,88,89,90)(91,92,93,94,95,96,97,98,99,100)
perm2:(1,2,3,4,5,6,7,8,9,10)(11,12,13,14,15,16,17,18,19,20)(21,22,23,24,25,26,58,59,60)(31,32,33,-76,-75,-74,-73,-72,-71)(41,42,43,44,45,46,47,48,-87,-86,-85,-84,-83,-82,-81)(51,52,53,54,55,56,57,27,28,78,79,80)(61,62,63,64,65,66,67,68,69,70)(-40,-39,-38,-37,88,89,90)(-50,-49,-36,-35,-34,77,29,30)(91,92,93,94,95,96,97,98,99,100)
perm3:(1,2,3,4,5,-38,-37,-36,-35,-34,-33,-32,-31)(11,12,13,10)(21,22,23,24,25,62,63,64,65,66,67,68,69,70)(-20,-19,-18,-17,-16,-15,-14,-9,-8,-7,-6,39,40)(41,42,43,44,45,46,47,48,49,50)(51,52,53,54,55,86,87,88,89,90)(61,26,27,74,75,76,77,78,79,80)(71,72,73,28,29,30)(81,82,83,84,85,56,57,58,59,60)(91,92,93,94,95,96,97,98,99,100)
distance:10,10,10
Hmedian:(1,2,3,4,5,6,7,8,9,10)(11,12,13,14,15,16,17,18,19,20)(21,22,23,24,25,26,27,28,29,30)(31,32,33,34,35,36,37,38,39,40)(41,42,43,44,45,46,47,48,49,50)(51,52,53,54,55,56,57,58,59,60)(61,62,63,64,65,66,67,68,69,70)(71,72,73,74,75,76,77,78,79,80)(81,82,83,84,85,86,87,88,89,90)(91,92,93,94,95,96,97,98,99,100)
Hmedian score:15=5+5+5
0.347711s
===============================
average1:5:0.347711
===============================
