perm1:(1,-76,-75,-74,-73,-72,-71)(11,44,45,46,47,48,49,50)(21,22,23,24,25,26,27,28,29,30)(31,32,37,38,39,40)(-10,-9,-8,-33,-36,-35,-34,-7,-6,-5,-4,42,43,3,-41)(51,52,53,70)(61,62,63,64,12,13,14,15,16,17,18,19,20)(-90,-89,-88,-87,-86,-85,-58,-57,-56,-81)(-80,-79,-78,-77,2,65,66,67,68,69,54,55,82,83,84,59,60)(91,92,93,94,95,96,97,98,99,100)
perm2:(1,2,29,30)(-10,-9,-8,-7,-6,-5,-4,13,14,-83,-82,-81)(21,-17,-63,-71)(-60,-59,-58,-57,-89,-88,44,45,46,47,48,49,50)(-90,-56,-65,-64,-16,36,19,20)(51,52,18,37,38,39,40)(41,42,43,-87,3,-12,-11)(61,62,72,-86,-85,-84,15,-35,-34,-33,-32,-31)(-80,-79,-78,-77,-76,-75,-74,-73,22,23,24,25,26,27,28,53,54,55,66,67,68,69,70)(91,92,93,94,95,96,97,98,99,100)
perm3:(1,2,26,27,-4,-25,60)(-20,69,70)(-30,-29,-28,-18,-39,-38,58,59,86,87,88,64,65,66,67,19,-68,-78,-77,40)(-10,-9,-8,34,35,36,37,-57,-56,-55,-54,-53,83,84,85,-24,-23,-5,-48,-47,-46,-45,-44,-43,-42,-41)(-80,-79,74,75,76,3,-32,-31)(11,12,13,14,15,16,17,33,-7,-6,-22,-21)(61,62,63,89,90)(71,72,73,49,50)(81,82,-52,-51)(91,92,93,94,95,96,97,98,99,100)
distance:25,29,34
Hmedian:(1,2,3,4,5,6,7,34,35,36,37,38,39,40)(11,12,13,14,15,16,17,18,19,20)(21,22,23,24,25,26,27,28,29,30)(31,32,33,8,9,10)(-70,-69,-68,-67,-66,-65,-64,-63,-62,-61)(51,52,53,54,55,56,57,58,59,60)(-50,-49,-48,-47,-46,-45,-44,-43,-42,-41)(-90,-89,-88,-87,-86,-85,-84,-83,-82,-81)(-80,-79,-78,-77,-76,-75,-74,-73,-72,-71)(91,92,93,94,95,96,97,98,99,100)
Hmedian score:45=9+16+20
9.14946s
===============================
perm1:(1,2,3,4,5,6,7,34,35,36,37,38,39,40)(11,12,13,14,15,16,17,18,19,20)(21,22,23,24,25,26,27,28,29,30)(31,32,33,8,9,10)(-70,-69,-68,-67,-66,-65,-64,-63,-62,-61)(51,52,53,54,55,56,57,58,59,60)(-50,-49,-48,-47,-46,-45,-44,-43,-42,-41)(-90,-89,-88,-87,-86,-85,-84,-83,-82,-81)(-80,-79,-78,-77,-76,-75,-74,-73,-72,-71)(91,92,93,94,95,96,97,98,99,100)
perm2:(1,2,-77,-76,-75,-74,-73,-26,16,17,18,24,68,69,70)(11,12,13,14,15,35,28,-43,-42,-41)(-90,-89,-88,-87,-86,-85,-84,-83,-6,-5,-4,-3,78,79,80)(-20,-19,-23,-22,-21)(-40,-52,-51)(71,72,27,36,37,38,39,53,54,55,56,57,58,59,60)(61,62,63,64,65,66,67,25,-34,-33,-32,-31)(-50,-49,-48,-47,-46,-45,-44,29,30)(81,82,7,8,9,10)(91,92,93,94,95,96,97,98,99,100)
perm3:(1,-68,-67,32,33,49,50)(61,62,-77,-76,-75,-47,-46,-45,-44,-43,58,59,60)(-20,-29,-28,-34,-48,-74,-73,-72,-71)(51,52,53,36,78,79,80)(41,42,55,56,57,-54,22,23,24,25,26,27,35,-21)(-30,-19,-18,-17,-16,-15,-5,-4,-3,-2,69,70)(-90,-89,37,38,39,40)(31,-66,-65,-64,-63,-88,-11)(81,82,83,84,85,86,87,12,13,14,6,7,8,9,10)(91,92,93,94,95,96,97,98,99,100)
distance:11,16,25
Hmedian:(1,2,3,4,5,6,7,8,9,10)(11,12,13,14,15,16,17,18,19,20)(21,22,23,24,25,26,27,28,29,30)(31,32,33,34,35,36,37,38,39,40)(-70,-69,-68,-67,-66,-65,-64,-63,-62,-61)(51,52,53,54,55,56,57,58,59,60)(-50,-49,-48,-47,-46,-45,-44,-43,-42,-41)(-90,-89,-88,-87,-86,-85,-84,-83,-82,-81)(-80,-79,-78,-77,-76,-75,-74,-73,-72,-71)(91,92,93,94,95,96,97,98,99,100)
Hmedian score:26=1+10+15
3.02544s
===============================
perm1:(1,2,3,4,5,6,7,8,9,10)(11,12,13,14,15,16,17,18,24,25,26,27,28,29,30)(-70,-69,-68,-67,-66,-65,-64,-63,-62,-61)(-20,-19,-23,-22,-21)(-80,-79,-78,-77,-76,-75,-74,-73,-72,-71)(51,52,53,54,55,56,57,58,59,60)(31,32,33,34,35,36,37,38,39,40)(-50,-49,-48,-47,-46,-45,-44,-43,-42,-41)(81,82,83,84,85,86,87,88,89,90)(91,92,93,94,95,96,97,98,99,100)
perm2:(1,2,3,4,68,69,70)(11,12,13,14,15,16,-35,-34,-58,-57,-56,-55,-54,20)(21,22,23,-18,5,6,7,64,19,-53,-52,-48,-47,-46,-45,-44,-43,-42,-41)(-10,-9,-8,-25,-31)(-50,-73,-72,-71)(-40,-39,94,-24,-85,-84,-83,-82,-81)(61,62,63,26,27,28,29,30)(51,-37,38,97,98,99,100)(-60,-59,-33,-32,95,96,74,75,76,77,89,90)(91,92,93,-49,-36,17,-67,-66,-65,86,87,88,78,79,80)
perm3:(1,2,82,83,84,85,86,77,78,79,80)(11,12,13,14,15,-69,5,6,7,8,9,10)(21,22,23,24,25,26,27,28,29,30)(31,32,33,34,35,36,37,38,39,40)(-70,54,55,-63,-81)(41,42,43,-67,-66,-65,-64,-3,-62,-61)(-60,-59,-58,-57,-56,4,-68,44,45,46,47,48,49,50)(71,72,73,74,75,76,87,88,89,90)(-20,-19,-18,-98,-97,-96,-95,-94,-93,-92,-91)(51,52,53,16,17,99,100)
distance:20,11,30
Hmedian:(1,2,3,4,5,6,7,8,9,10)(11,12,13,14,15,16,17,18,24,25,26,27,28,29,30)(-70,-69