1?w?(1,2,3,4,5,6,57,58,59,60)(11,12,13,14,15,16,17,18,42,43,44,45,46,47,48,49,50)(21,22,23,24,25,26,27,28,29,30)(31,32,33,34,35,36,37,38,39,40)(41,19,20)(51,52,53,54,55,-8,66,67,68,69,70)(-10,-9,56,7,-65,-64,-63,-62,-61)(71,72,73,74,75,76,77,78,79,80)(81,82,83,84,85,86,87,88,89,90)(91,92,93,94,95,96,97,98,99,100)
15~19;1,9,9

1?pq?5
1?w?(1,2,3,4,5,6,7,-65,-64,-63,-62,-61)(11,12,13,14,15,16,17,18,42,43,44,45,46,47,48,49,50)(21,22,23,24,25,26,27,28,29,30)(31,32,33,34,35,36,37,38,39,40)(41,19,20)(51,52,53,54,55,-8,66,67,68,69,70)(-10,-9,56,57,58,59,60)(71,72,73,74,75,76,77,78,79,80)(81,82,83,84,85,86,87,88,89,90)(91,92,93,94,95,96,97,98,99,100)
15~18;2,8,8

1?pq?8
1?pq?11
1?w?(1,2,3,4,5,6,7,-65,-64,-63,-62,-61)(11,12,13,14,15,16,17,18,42,43,44,45,46,47,48,49,50)(21,22,23,24,25,26,27,28,29,30)(31,32,33,34,35,36,37,38,39,40)(41,19,20)(51,52,53,54,55,56,57,58,59,60)(-10,-9,-8,66,67,68,69,70)(71,72,73,74,75,76,77,78,79,80)(81,82,83,84,85,86,87,88,89,90)(91,92,93,94,95,96,97,98,99,100)
15~17;3,7,7

1?pq?12
1?pq?13
1?w?(1,2,3,4,5,6,7,-65,-64,-63,-62,-61)(11,12,13,14,15,16,17,18,19,20)(21,22,23,24,25,26,27,28,29,30)(31,32,33,34,35,36,37,38,39,40)(41,42,43,44,45,46,47,48,49,50)(51,52,53,54,55,56,57,58,59,60)(-10,-9,-8,66,67,68,69,70)(71,72,73,74,75,76,77,78,79,80)(81,82,83,84,85,86,87,88,89,90)(91,92,93,94,95,96,97,98,99,100)
15~16;4,6,6

