perm1:(1,2,3,4,5,6,7,8,9,10)(11,12,13,42,43,44,29,30)(21,22,23,15,16,17,18,19,20)(31,-82,-81)(41,14,24,25,26,27,28,45,46,47,48,49,50)(-40,-39,-38,55,56,57,58,59,60)(61,62,63,64,65,66,67,68,69,70)(71,72,73,74,75,76,77,78,79,80)(51,52,53,54,-37,-36,-35,-34,-33,-32,83,84,85,86,87,88,89,90)(91,92,93,94,95,96,97,98,99,100)
perm2:(1,2,3,4,5,6,7,8,9,10)(11,12,13,14,15,16,17,18,19,20)(21,22,23,24,72,73,74,75,76,77,78,79,80)(31,63,64,65,66,67,-27,-26,-25,-71)(41,42,43,-85,-84,-83,-82,-81)(51,52,87,88,89,90)(61,62,32,33,34,35,36,37,38,39,40)(-70,-69,-68,28,29,30)(-50,-49,-48,-47,-46,-45,-44,86,53,54,55,56,57,58,59,60)(91,92,93,94,95,96,97,98,99,100)
perm3:(1,2,3,4,5,6,7,8,9,10)(11,12,13,14,15,16,37,38,39,40)(21,22,23,56,57,-61)(31,32,33,34,35,36,17,18,19,20)(41,28,29,30)(51,52,53,54,55,24,25,26,27,42,43,44,45,46,47,48,49,50)(-60,-59,-58,62,63,64,65,66,67,68,69,70)(71,72,73,74,75,-85,-84,-83,-82,-81)(-80,-79,-78,-77,-76,86,87,88,89,90)(91,92,93,94,95,96,97,98,99,100)
distance:10,10,10
median:(1,2,3,4,5,6,7,8,9,10)(11,12,13,14,15,16,17,18,19,20)(21,22,23,24,25,26,27,28,45,46,47,48,49,50)(31,32,33,34,35,36,37,38,39,40)(41,42,43,44,29,30)(51,52,53,54,55,56,57,58,59,60)(61,62,63,64,65,66,67,68,69,70)(71,72,73,74,75,76,77,78,79,80)(81,82,83,84,85,86,87,88,89,90)(91,92,93,94,95,96,97,98,99,100)
median score:16=4+6+6
1.3256s
===============================
average1:5:1.3256
===============================
perm1:(1,2,-22,-21)(11,12,13,14,15,16,17,18,42,43,44,45,46,47,48,49,50)(-60,-59,-58,-57,-6,-5,-4,-3,23,24,25,26,27,28,29,30)(31,32,33,34,35,36,37,38,39,40)(41,19,20)(51,52,53,54,55,-8,66,67,68,69,70)(-10,-9,56,7,-65,-64,-63,-62,-61)(71,72,73,74,75,76,77,78,79,80)(81,82,83,84,85,86,87,88,89,90)(91,92,93,94,95,96,97,98,99,100)
perm2:(1,19,20)(11,38,39,40)(21,22,23,24,25,26,27,28,29,30)(31,32,33,34,35,36,37,12,-52,-51)(41,42,-67,-66,-65,-64,-63,-62,-61)(-10,-9,-8,-7,-6,-5,-4,-3,-2,-18,-17,-16,-15,-14,-13,53,54,55,56,57,58,59,60)(-90,-89,-88,-87,-86,-45,-44,-43,68,69,70)(71,72,73,74,75,76,77,78,79,80)(81,82,83,84,85,46,47,48,49,50)(91,92,93,94,95,96,97,98,99,100)
perm3:(1,2,3,4,5,79,80)(11,12,13,14,15,16,17,18,19,20)(21,22,23,24,25,89,90)(31,32,33,34,35,36,37,38,39,40)(41,42,43,44,45,46,47,48,49,50)(51,52,73,74,75,76,77,78,6,7,8,9,10)(-60,-59,-58,-57,68,69,70)(71,72,53,54,55,56,-67,-66,-65,-64,-63,-62,-61)(-30,-29,-28,-27,88,26,-87,-86,-85,-84,-83,-82,-81)(91,92,93,94,95,96,97,98,99,100)
distance:10,10,10
median:(1,2,3,4,5,6,7,8,9,10)(11,12,13,14,15,16,17,18,19,20)(-60,-59,-58,-57,-56,-55,-54,-53,-52,-51)(31,32,33,34,35,36,37,38,39,40)(41,42,43,44,45,46,47,48,49,50)(61,62,63,64,65,66,67,68,69,70)(-30,-29,-28,-27,-26,-25,-24,-23,-22,-21)(71,72,73,74,75,76,77,78,79,80)(81,82,83,84,85,86,87,88,89,90)(91,92,93,94,95,96,97,98,99,100)
median score:15=5+5+5
1.03072s
===============================
average1:5:1.03072
===============================
