1?w?(1,2,3,4,5,-77,-76,28,29,30)(11,12,13,14,15,16,17,18,19,20)(-10,-9,-8,-7,-6,86,87,88,89,90)(31,32,33,34,35,36,37,38,39,40)(41,42,43,44,45,46,54,55,56,57,58,59,60)(51,52,53,47,48,49,50)(61,62,63,64,65,66,67,68,69,70)(21,22,23,24,25,26,27,-75,-74,-73,-72,-71)(81,82,83,84,85,78,79,80)(91,92,93,94,95,96,97,98,99,100)
15~19;1,9,9

1?w?(1,2,3,4,5,6,7,8,9,10)(11,12,13,14,15,16,17,18,19,20)(-30,-29,-28,76,77,86,87,88,89,90)(31,32,33,34,35,36,37,38,39,40)(41,42,43,44,45,46,54,55,56,57,58,59,60)(51,52,53,47,48,49,50)(61,62,63,64,65,66,67,68,69,70)(21,22,23,24,25,26,27,-75,-74,-73,-72,-71)(81,82,83,84,85,78,79,80)(91,92,93,94,95,96,97,98,99,100)
15~18;2,8,8

1?w?(1,2,3,4,5,6,7,8,9,10)(11,12,13,14,15,16,17,18,19,20)(71,72,73,74,75,76,77,86,87,88,89,90)(31,32,33,34,35,36,37,38,39,40)(41,42,43,44,45,46,54,55,56,57,58,59,60)(51,52,53,47,48,49,50)(61,62,63,64,65,66,67,68,69,70)(21,22,23,24,25,26,27,28,29,30)(81,82,83,84,85,78,79,80)(91,92,93,94,95,96,97,98,99,100)
15~17;3,7,7

1?w?(1,2,3,4,5,6,7,8,9,10)(11,12,13,14,15,16,17,18,19,20)(81,82,83,84,85,86,87,88,89,90)(31,32,33,34,35,36,37,38,39,40)(41,42,43,44,45,46,54,55,56,57,58,59,60)(51,52,53,47,48,49,50)(61,62,63,64,65,66,67,68,69,70)(21,22,23,24,25,26,27,28,29,30)(71,72,73,74,75,76,77,78,79,80)(91,92,93,94,95,96,97,98,99,100)
15~16;4,6,6

?w?(1,2,-24,-23,-22,-21)(11,12,13,14,15,16,17,18,19,20)(-10,-9,-8,-7,-6,86,87,88,89,90)(31,32,33,34,35,36,37,38,39,40)(41,42,43,44,45,46,47,48,49,50)(51,52,53,54,55,56,57,58,59,60)(61,62,63,64,65,66,67,68,69,70)(-30,-29,-28,76,77,78,79,80)(81,82,83,84,85,-5,-4,-3,25,26,27,-75,-74,-73,-72,-71)(91,92,93,94,95,96,97,98,99,100)
18;2,8,8
?w?2,8,8:18==2,8,8:18
?w?(1,2,-24,-23,-22,-21)(11,12,13,14,15,16,17,18,19,20)(-10,-9,-8,-7,-6,86,87,88,89,90)(31,32,33,34,35,36,37,38,39,40)(41,42,43,44,45,46,47,48,49,50)(51,52,53,54,55,56,57,58,59,60)(61,62,63,64,65,66,67,68,69,70)(-30,-29,-28,-27,-26,-25,3,4,5,-85,-84,-83,-82,-81)(-80,-79,-78,-77,-76,-75,-74,-73,-72,-71)(91,92,93,94,95,96,97,98,99,100)
17;3,7,7
?w?3,7,7:17==3,7,7:17
?w?(1,2,-24,-23,-22,-21)(11,12,13,14,15,16,17,18,19,20)(-10,-9,-8,-7,-6,-5,-4,-3,25,26,27,28,29,30)(31,32,33,34,35,36,37,38,39,40)(41,42,43,44,45,46,47,48,49,50)(51,52,53,54,55,56,57,58,59,60)(61,62,63,64,65,66,67,68,69,70)(-90,-89,-88,-87,-86,-85,-84,-83,-82,-81)(-80,-79,-78,-77,-76,-75,-74,-73,-72,-71)(91,92,93,94,95,96,97,98,99,100)
16;4,6,6
?w?4,6,6:16==4,6,6:16
?w?(1,2,3,4,5,6,7,8,9,10)(11,12,13,14,15,16,17,18,19,20)(21,22,23,24,25,26,27,28,29,30)(31,32,33,34,35,36,37,38,39,40)(41,42,43,44,45,46,47,48,49,50)(51,52,53,54,55,56,57,58,59,60)(61,62,63,64,65,66,67,68,69,70)(-90,-89,-88,-87,-86,-85,-84,-83,-82,-81)(-80,-79,-78,-77,-76,-75,-74,-73,-72,-71)(91,92,93,94,95,96,97,98,99,100)
15;5,5,5
